10000 9999
1 31
1 69
1 76
1 294
1 316
1 454
1 1069
1 2543
0 1
0 2
0 3
0 6
0 7
0 82
0 225
0 2376
0 5048
0 6527
2 4
2 30
2 44
2 47
2 57
2 87
2 818
2 5454
2 7357
3 5
3 8
3 9
3 10
3 29
3 75
3 120
4 26
4 50
4 79
4 92
4 94
4 152
4 436
4 795
4 975
4 5093
5 54
5 84
5 85
5 220
5 251
5 437
5 8078
6 13
6 15
6 21
6 45
6 51
6 74
6 187
6 651
6 1106
6 1477
6 2548
7 20
7 22
7 67
7 260
7 306
7 445
7 493
7 1353
7 1405
7 2435
7 4663
8 14
8 18
8 40
8 133
8 202
8 365
8 7363
8 9220
8 9840
9 11
9 43
9 147
9 1304
9 6533
9 7933
10 12
10 55
10 91
10 237
10 721
10 1053
10 2282
11 16
11 296
11 1910
11 9737
12 139
12 1521
12 9792
13 17
13 19
13 24
13 42
13 77
13 271
13 392
13 703
13 801
14 23
14 25
14 64
14 102
14 143
14 226
14 348
14 433
14 2361
14 3962
14 4843
15 27
15 61
15 71
15 234
15 453
15 1389
15 6893
16 32
16 41
16 53
16 136
16 1150
17 38
17 781
17 3831
17 3982
18 393
18 1302
19 46
19 128
19 295
19 313
19 704
19 2137
19 2645
19 3646
19 9269
20 291
20 503
20 1054
21 58
21 243
21 538
21 869
21 2378
21 4021
21 9700
22 28
22 60
22 154
22 189
22 350
22 372
22 1171
22 1837
23 162
23 1385
23 4188
23 4981
24 36
24 66
24 449
24 693
24 782
24 832
24 2930
24 3912
24 4879
24 6491
25 132
25 197
25 3741
25 5487
25 5524
26 267
26 423
26 494
26 531
26 539
26 580
26 1135
26 2085
26 3532
26 5873
26 9960
27 52
27 825
27 1230
28 34
28 35
28 68
28 86
28 96
28 172
28 300
28 2728
29 108
29 375
29 928
29 1456
29 2029
30 56
30 258
30 277
30 7657
31 33
31 37
31 39
31 173
31 292
31 1854
31 4426
31 5096
31 8054
31 8744
32 270
32 2641
33 105
33 180
33 457
34 59
34 65
34 134
34 141
34 4144
34 6882
35 49
35 2023
35 4933
36 497
36 723
36 2457
36 4645
37 130
37 244
37 3301
37 5058
37 7245
37 7271
37 7512
38 110
38 179
38 548
38 858
38 3650
38 5686
39 62
39 230
39 1702
39 9648
40 100
40 322
40 732
40 2427
41 93
41 119
41 127
41 362
42 81
42 247
42 404
42 1605
42 5015
43 228
43 257
43 342
43 417
43 585
43 1282
43 7841
44 814
44 8842
45 90
45 97
45 125
45 366
45 1123
45 1157
45 1218
45 1314
45 2680
45 4088
45 4783
45 6320
45 6423
46 106
46 329
46 388
47 48
47 95
47 597
47 909
48 109
48 144
49 63
49 73
49 634
49 966
49 2050
49 8104
50 99
50 174
50 2231
50 4165
50 4300
50 8953
51 112
51 117
51 213
51 435
51 645
51 886
51 4999
52 289
52 304
52 4464
52 7568
53 209
53 265
53 3718
53 5327
54 116
54 175
54 463
54 528
54 725
54 974
54 3520
54 6434
54 7929
55 70
55 378
55 391
55 407
55 518
55 852
55 1361
56 78
56 104
56 311
56 1254
56 2102
57 131
57 176
57 178
57 625
57 699
57 1011
57 7215
58 145
58 160
58 200
58 827
58 2246
58 3734
59 165
59 235
59 383
59 717
59 3847
60 101
60 3105
60 3376
60 3603
61 98
61 114
61 5506
62 83
62 158
62 211
62 214
62 288
62 312
62 3579
63 80
63 89
63 103
63 142
63 199
63 370
63 829
63 1813
63 6910
64 246
64 485
64 1026
64 3022
64 4261
64 5677
65 549
65 1140
65 4775
65 6346
66 266
66 390
66 620
66 1234
66 1366
66 2404
67 482
67 751
67 990
67 2661
67 9968
68 709
68 2126
68 2206
69 72
69 121
69 182
69 551
69 5106
70 88
70 4587
71 524
71 737
71 2038
72 138
72 1394
73 1686
74 638
74 1056
74 2318
75 275
75 4033
75 7151
76 183
76 441
76 527
76 616
76 2834
77 239
77 455
77 1298
77 4899
77 4916
78 575
78 3402
78 5672
79 206
79 508
80 602
80 1239
80 1332
80 1831
80 2452
81 191
81 236
81 537
81 686
81 1130
81 1237
81 1737
81 4906
81 6232
82 276
82 1279
82 8819
83 323
83 332
83 476
83 679
83 863
84 171
84 1406
84 1748
84 2909
85 4242
85 7585
86 355
86 1169
86 2798
86 5140
87 606
87 614
87 864
87 1343
87 2934
88 126
88 129
88 148
88 245
88 283
88 3489
88 9556
89 218
89 287
89 308
89 315
89 2516
90 122
90 135
90 150
90 170
90 198
90 325
90 3206
90 4293
90 8175
91 185
91 3602
92 872
92 1307
92 1359
92 4351
93 155
93 1502
93 2636
93 6962
94 161
94 169
94 205
94 1840
94 1862
95 2271
95 3824
95 5539
96 255
96 841
96 1511
96 2051
96 6558
97 107
97 115
97 166
97 619
97 734
97 789
97 3398
97 5497
98 2258
99 193
99 201
99 481
99 819
99 982
99 2990
99 3290
100 1920
100 2314
100 4768
101 111
101 1497
101 2311
101 4073
102 123
102 157
102 181
102 4375
103 764
103 1175
103 4353
103 8948
104 336
104 376
104 713
104 777
104 2513
105 475
105 1609
105 2920
105 3583
106 233
106 1705
106 4388
107 156
107 184
107 305
107 3144
108 212
108 249
108 640
108 862
108 3031
108 6072
109 1233
109 3277
110 113
110 286
110 767
110 1333
110 1647
110 2771
111 865
111 7879
112 151
112 507
112 1197
112 1460
112 1668
112 2655
112 7748
113 118
113 361
113 462
113 465
113 598
113 1579
113 1680
114 248
114 557
115 207
115 217
115 2528
116 677
116 920
116 3103
116 8557
117 1116
117 1174
117 1857
117 3171
117 7997
118 3175
119 219
119 1402
119 3169
119 4197
119 9393
120 186
120 203
120 780
120 1415
120 1742
120 6723
121 164
121 4686
122 124
122 284
122 1182
122 1784
122 2072
122 2146
122 2505
122 3252
122 8495
123 137
123 902
123 8342
124 273
124 1901
124 8398
125 567
125 4239
126 498
126 963
126 996
126 1034
126 1213
126 4995
127 153
127 768
127 1015
127 2496
128 254
128 451
128 733
129 822
129 1173
129 4220
129 4267
129 5018
130 8095
131 194
131 1185
131 1541
131 1792
131 4501
131 5321
131 6120
131 6822
132 382
132 6467
133 159
133 309
133 914
133 1600
133 3102
133 5037
135 140
135 1004
135 1967
135 3010
135 3557
136 1241
136 1466
137 259
137 718
138 149
138 223
138 280
138 1048
138 2184
139 403
139 491
139 7220
140 844
140 3177
140 4207
141 495
141 1368
141 2093
141 9213
142 177
142 192
142 373
142 1072
142 4795
142 5965
142 6612
143 523
143 807
143 3682
144 146
144 222
144 1498
144 1959
144 2739
144 2975
144 3178
144 8075
145 395
145 6830
146 268
146 269
146 297
146 324
146 593
146 5741
147 384
147 1872
148 168
148 272
148 432
148 750
148 977
149 582
149 587
150 190
150 196
150 2286
151 320
151 1226
152 731
152 1961
152 2942
153 1846
153 2078
153 3392
153 6682
153 7627
154 1180
154 2446
154 8103
155 163
155 1136
155 2742
156 188
156 2079
156 3759
157 262
157 328
157 2369
157 8006
158 402
158 1076
158 1508
158 2764
159 389
159 753
159 5504
160 1512
160 2175
160 2251
160 3577
160 6759
161 167
161 293
161 1068
161 1395
161 4296
162 427
162 959
162 2326
163 396
163 1345
163 1939
163 2177
163 3711
163 4162
164 521
164 1160
164 1410
164 1930
164 3349
164 3439
164 8912
165 399
165 424
165 496
165 577
165 740
165 3800
165 4189
165 4579
166 285
166 406
166 612
166 3873
166 8627
167 421
168 380
168 719
168 933
168 5359
168 8353
168 9591
169 227
169 374
169 564
169 655
170 1859
170 3094
171 698
171 2200
171 2713
171 3614
172 472
172 572
172 2208
172 2228
172 2578
172 2778
172 3433
172 5232
173 607
173 9387
174 5767
175 335
175 702
175 710
175 712
175 1721
175 2431
175 6145
176 310
176 510
176 1033
176 1812
176 6860
177 2393
177 9533
178 499
178 744
178 1209
178 1221
178 1441
178 3977
178 5111
179 573
179 1126
179 1313
179 1537
179 3724
179 5076
180 231
180 338
180 1195
180 1271
180 2523
180 6832
181 250
181 422
181 989
181 1110
181 1815
181 6144
182 195
182 452
182 1420
182 4027
182 7105
183 1787
183 6319
183 6650
184 216
184 264
184 692
184 1642
184 3937
184 6608
184 7159
185 1259
185 2288
185 3394
186 2011
186 6137
187 204
187 299
187 3719
187 4364
187 4562
187 4774
187 7809
187 7944
188 363
188 1758
188 5170
189 215
189 3448
190 1546
190 1747
190 7987
191 208
191 694
192 210
192 2474
193 484
193 838
193 1155
193 1258
193 3278
194 303
194 632
194 1780
194 3949
194 7401
195 697
195 2116
195 2879
195 6163
195 8245
196 522
196 566
196 806
197 307
197 846
197 1021
197 1448
197 1707
197 1887
198 253
198 1723
198 2820
198 3416
198 4339
199 339
199 9003
200 229
200 918
200 1711
200 1771
200 1858
201 516
201 973
201 2012
201 2507
202 636
202 649
202 824
202 3717
202 8079
202 8443
203 701
204 681
204 1924
204 7511
205 576
205 1829
205 5050
206 224
206 405
206 6183
206 8642
207 420
207 471
207 604
207 1184
207 9040
208 326
208 337
208 9535
209 627
209 5149
209 7695
210 364
210 394
211 976
211 2323
212 657
212 3713
213 556
214 2540
214 4758
215 242
215 345
216 298
216 3021
216 5607
217 411
217 765
217 1315
218 828
218 1089
218 8914
219 221
219 371
219 1310
219 9321
220 559
220 3756
220 5402
220 6804
221 263
221 800
221 4223
222 440
222 608
222 857
223 240
223 341
223 413
223 1419
223 2380
223 9047
224 414
224 882
224 1370
224 1421
224 8085
225 232
225 401
225 610
225 646
225 670
225 913
225 3939
225 6388
226 252
226 412
226 1531
226 3735
227 1202
227 2036
227 3269
227 3453
227 4312
227 7915
227 8025
228 866
228 957
228 1325
228 1864
228 2217
229 660
230 282
230 754
230 1340
230 3132
231 809
231 868
231 1501
232 238
232 849
232 964
232 2772
232 3627
232 4946
233 542
233 1453
233 4612
233 5702
233 6272
233 7211
235 594
235 650
235 3780
235 4069
236 261
236 430
236 880
236 4416
237 318
237 330
237 351
237 1073
237 1443
237 7385
237 7953
238 241
238 875
238 2020
238 2048
239 534
239 766
239 802
239 1538
239 1975
239 6625
239 8402
240 680
240 1265
240 1529
241 525
241 978
241 2694
242 464
242 590
242 4191
242 4874
242 6132
242 6284
242 6432
242 9359
243 444
244 480
244 615
244 629
244 676
244 3575
245 696
245 5727
245 7851
246 1683
247 948
247 2338
248 1750
248 8418
249 492
249 1992
249 4905
250 630
250 2988
250 7359
250 7518
251 397
252 256
252 358
252 410
252 579
252 1363
252 1566
252 1768
253 356
254 613
254 1877
254 2033
255 553
255 2827
255 5569
256 278
256 1732
256 1954
256 2386
257 1659
257 4265
258 346
258 409
258 1637
258 4809
258 6086
258 9945
259 281
259 944
260 379
261 644
261 1630
261 1745
261 8357
261 9310
262 901
262 1179
262 2520
262 5994
263 274
263 301
263 416
263 3565
263 6857
264 319
264 334
264 1035
264 1484
265 544
265 1142
265 7299
266 447
266 854
267 327
267 6767
268 1165
268 1439
268 4419
268 8338
269 4377
270 1255
270 2835
270 2855
271 1381
271 1765
271 2046
272 2287
272 3093
272 3984
273 682
274 540
274 1041
274 2529
274 8210
275 279
275 302
275 331
275 715
276 290
276 3996
277 317
277 1143
277 1427
277 1921
277 2156
278 352
278 474
278 2822
278 5191
278 7477
279 359
279 418
279 478
279 1590
279 1902
279 3152
280 1043
280 1081
280 1777
281 347
281 848
281 3005
281 3058
282 321
282 4452
282 6050
282 6600
283 561
283 1398
283 2730
283 2776
283 7535
284 426
284 547
284 1027
284 3004
285 438
285 945
285 2213
286 428
286 467
286 545
287 722
287 1572
287 3191
287 4505
287 9037
288 1437
288 2984
288 8395
289 415
289 501
289 7661
290 381
290 8601
291 458
291 1158
291 9050
292 830
292 884
292 981
292 3631
292 5224
293 550
293 628
293 6046
293 7042
293 7490
294 1093
294 1977
295 502
295 684
295 774
296 468
296 1097
297 369
297 456
297 595
297 5560
298 788
298 1890
298 2104
298 3846
298 9917
299 653
299 745
299 798
299 1102
299 1963
299 8121
301 446
301 1418
302 340
302 477
302 1492
302 7153
303 2077
303 8556
304 439
304 506
304 924
304 1058
304 1064
304 1329
304 2125
304 4035
304 9757
306 3026
306 3710
306 4108
306 4344
307 586
307 5061
308 3151
308 7572
308 8496
308 9934
309 344
309 360
309 932
309 1347
309 4672
309 4850
310 314
310 603
310 1782
310 5732
310 6693
310 7356
311 883
311 1457
312 1888
312 7493
312 9638
313 367
313 5319
313 5414
314 3491
315 9367
316 4361
317 377
317 994
317 2040
317 4275
317 8451
318 511
318 637
318 770
320 1066
321 821
321 1263
321 3262
322 2068
322 5348
323 486
323 543
323 621
323 778
323 1099
324 387
324 1091
324 7234
325 333
325 343
325 1478
325 2035
325 4342
327 442
327 983
327 3628
327 5654
327 6677
328 479
328 2837
328 2886
328 3284
328 6167
328 8900
329 1055
330 2313
330 5370
331 434
331 461
331 940
331 4370
331 7137
332 691
332 2377
332 4208
333 665
334 6281
334 6282
334 7253
335 354
335 408
335 565
335 871
335 4839
336 400
337 353
337 2120
337 2187
337 6065
338 532
338 1159
338 1306
338 1413
338 1480
338 1587
338 4536
338 5038
339 357
339 589
339 1096
339 1270
339 2203
339 5613
339 6126
340 668
340 1268
340 1621
340 4166
340 4725
340 9115
341 2567
341 2629
342 349
342 685
342 2343
342 7402
343 1244
343 1525
343 3404
343 5980
344 1238
344 6080
344 6174
345 3195
346 5811
347 385
347 517
347 860
347 2097
347 8929
348 776
348 1553
348 1708
349 2094
349 2471
349 2501
349 4410
349 4736
349 5077
350 443
350 569
350 1280
350 2089
350 3558
350 3560
350 4605
351 799
351 1248
351 4590
351 7116
352 429
352 3131
352 4212
353 5724
354 878
354 4249
354 4471
354 4490
354 6534
355 2595
355 3101
355 4052
355 6787
356 791
356 1567
356 5651
356 6220
357 641
357 1003
358 368
358 3275
358 6972
359 571
359 5101
359 8741
360 386
360 1095
360 1360
360 1565
360 5508
360 6982
361 398
361 6020
362 469
362 3172
362 4310
362 7285
363 1703
363 3726
364 1028
364 2447
364 8297
365 509
365 588
365 950
365 1121
365 8940
366 1461
366 1592
367 961
367 2802
367 5914
368 1149
368 6611
369 520
369 552
369 3496
370 748
370 1146
370 1164
370 1252
370 2415
370 8598
371 1852
372 773
372 4157
372 8091
372 9019
373 533
374 536
374 3375
375 470
375 812
375 910
375 1291
375 1905
375 4898
376 3961
376 5850
377 792
377 1853
377 2075
377 3077
377 4129
378 905
378 3146
378 5033
378 8247
378 8679
379 519
379 529
379 562
379 1375
379 2008
380 726
380 1144
380 2486
380 7621
381 1024
381 1918
382 3683
382 3784
383 488
383 611
383 672
383 931
383 1998
383 2071
383 2965
383 3222
383 5189
384 1161
384 2130
385 877
385 9819
386 700
386 1830
386 3910
386 4290
387 1856
387 3189
388 1319
388 2070
388 2166
389 984
390 419
391 2147
391 6969
392 972
392 2176
392 3664
392 8727
393 5153
394 526
394 546
394 930
395 500
395 605
395 2058
395 5744
395 8870
396 642
396 669
396 1273
397 578
397 923
397 1428
397 1557
397 4036
398 1371
398 1911
398 3274
398 8361
399 568
399 583
399 2961
399 9055
400 6560
401 4042
401 7462
402 450
402 1001
402 2165
402 6775
403 448
403 504
403 1916
403 4381
403 4956
403 5588
403 6998
403 9096
404 2854
404 3474
405 969
405 980
405 1210
406 5266
407 988
407 2531
407 7727
408 1285
408 3911
409 459
409 716
409 1517
409 2242
409 3036
410 688
410 707
410 755
410 787
410 847
410 1045
410 1756
410 2888
410 4855
410 5025
410 5870
410 9447
411 570
411 674
411 1619
411 2292
412 1821
412 3516
412 4450
413 3265
414 1222
415 617
416 425
416 635
416 2940
416 5412
416 8074
417 1426
417 2039
417 2424
417 6471
418 431
418 1000
418 1832
419 729
419 1936
419 2107
419 2679
419 3341
419 3986
420 793
420 896
420 1094
420 1571
420 1880
420 4001
420 9798
420 9999
421 460
421 779
421 3333
422 554
422 784
422 1414
423 592
423 1141
423 2226
424 3214
425 487
425 742
425 2303
426 2649
426 4747
427 1999
427 2277
428 1050
428 1700
428 6620
429 815
429 1085
429 3028
430 1548
430 6763
431 6851
432 1416
432 3149
433 1789
433 3828
433 8337
434 4561
434 6295
434 6392
435 514
435 711
435 5566
436 591
436 3350
436 3903
436 4369
437 1009
437 1013
437 1408
437 3297
437 7945
438 1740
438 1867
440 8653
441 596
441 1039
441 2248
443 1151
443 4518
443 7221
443 7239
443 8759
444 908
444 1623
444 1953
444 2838
445 466
445 1653
446 1479
446 1720
446 6347
446 6673
447 473
447 786
447 1520
447 2310
447 4086
448 623
448 1543
448 1682
448 6074
449 937
449 2390
450 943
450 3659
450 9364
451 673
451 3050
451 6265
452 1153
452 1773
452 2402
452 5159
452 8434
453 926
454 541
454 1051
454 2770
455 1225
455 1277
455 1610
455 4566
456 663
456 949
456 993
456 1490
456 9776
457 1739
458 631
458 2185
458 2533
458 2805
459 1380
459 1714
461 535
461 708
461 904
461 991
461 1206
461 1672
461 2438
461 3322
462 483
462 1379
462 4279
462 6862
462 7668
463 555
463 1493
463 1822
463 3976
463 8829
464 647
464 8568
465 735
465 1044
465 2289
465 3642
465 4011
466 1657
466 3167
466 4224
466 8783
467 654
468 4969
468 8143
468 8464
468 8675
469 505
469 2080
469 2582
469 2978
469 6752
470 1049
470 1098
471 2118
471 2646
472 513
472 2002
473 490
473 8031
474 7247
475 1075
475 1881
475 4516
475 5713
475 6505
476 898
476 1844
476 3848
476 6119
477 728
477 906
477 1260
477 5017
477 7941
478 489
479 820
479 1400
479 1868
479 4619
479 4779
480 805
480 1847
481 752
481 965
481 1156
481 1767
481 4260
481 5356
481 6931
482 3296
482 5294
483 530
483 1594
484 3256
484 8887
485 626
485 689
485 714
485 5668
486 2418
486 3524
487 912
487 3763
488 515
488 836
488 1186
488 1374
488 2056
488 5879
489 759
489 1602
491 1232
491 2450
491 5137
491 5389
492 656
492 1109
492 5790
492 7766
493 1390
493 3564
493 5136
493 5201
493 5581
493 6280
493 9453
494 581
494 622
494 1339
494 2163
494 2461
495 1198
495 1564
496 842
496 1671
496 2589
496 9852
497 958
498 662
498 1411
499 861
499 2003
499 7858
500 512
500 666
500 887
500 2096
501 600
501 927
501 929
504 1397
504 4064
505 675
505 1074
505 3383
505 6109
505 6803
506 3013
506 3536
506 3807
506 4317
506 8169
507 1079
507 3548
507 6245
508 664
508 4524
508 5664
508 8785
509 2732
510 7029
511 2261
511 3087
511 6975
512 1796
512 3337
512 5614
513 1627
513 4878
513 5091
513 8494
514 1046
514 1214
514 9514
515 1516
515 2731
515 2950
515 3161
515 4617
515 9710
517 2259
518 2710
518 6005
519 5225
519 5557
520 560
520 1301
520 9662
521 574
521 1542
521 1895
521 2898
521 6610
522 7200
523 1103
523 2458
523 4948
523 4964
524 1006
524 2632
525 624
525 1119
525 4016
525 4799
525 5019
525 5283
526 724
526 4198
527 5209
527 8981
528 584
528 690
528 2662
529 2317
529 2602
529 3230
530 775
530 1017
530 2333
530 2456
531 705
531 938
531 2926
531 3280
531 6487
532 736
532 4853
532 5195
532 8278
532 9951
533 2196
533 4284
533 4435
533 5456
534 1925
535 1342
535 1781
535 2545
535 2936
535 3893
535 4500
535 7458
536 1555
536 6780
537 4281
538 794
538 1145
538 1459
538 2233
538 2717
538 4269
540 1183
540 5761
541 683
541 1892
542 1137
542 3863
543 678
543 962
544 558
544 942
544 1350
544 2352
544 2674
545 695
545 769
545 1818
545 4391
545 4624
546 1685
546 3966
546 4953
547 5278
547 5853
548 1253
548 2309
549 2031
550 599
550 874
550 2737
550 3473
550 5400
551 5992
551 9733
552 9510
553 1059
553 2083
553 6162
554 563
554 743
554 903
555 1655
555 2752
555 7068
556 1031
556 3540
556 9294
557 8373
558 5571
558 6396
559 8172
559 9381
560 1124
561 1828
561 5758
561 6766
561 8856
562 4258
562 4592
562 7928
563 1311
563 1545
563 1580
563 3123
563 8578
564 1909
564 2253
564 2633
564 5521
565 639
565 3755
566 4427
566 4565
567 1251
567 1274
567 2423
568 648
568 658
568 859
568 4402
569 1321
569 1324
569 1764
570 756
570 1087
570 5252
570 6757
570 7057
571 1067
571 1746
571 3967
571 4217
571 5287
572 1168
573 609
574 659
574 2234
575 4474
575 6938
575 7000
576 2366
577 1743
577 2293
577 3371
577 9024
579 8723
580 892
580 986
580 1019
580 9048
580 9799
581 2179
582 3551
582 4235
583 3675
583 3797
584 1189
584 2594
584 2843
584 8646
585 2374
586 5393
586 7775
587 3071
588 4230
588 4421
588 6557
589 1088
589 1208
589 2117
589 7411
590 601
591 687
591 853
592 946
593 652
593 867
593 7438
594 888
594 1850
595 1092
595 1465
595 4357
596 1971
596 4061
597 3651
598 1242
599 633
599 2579
599 3025
599 4180
600 739
600 2887
600 4000
601 1152
601 2043
602 618
602 1431
603 834
603 1660
603 2470
604 1738
604 9844
605 3947
605 8061
606 4386
606 6419
607 851
607 895
609 757
609 4653
609 5248
609 9302
610 1524
610 1798
610 5010
610 5728
611 2958
611 3088
612 1423
612 2675
612 3684
613 952
613 1482
614 2263
615 643
615 4764
615 5208
616 4974
617 845
617 889
617 4923
617 5114
617 8022
618 1212
618 2583
618 3429
618 6339
618 8248
618 9017
619 727
619 891
619 6383
620 671
620 1816
620 3251
620 4133
620 8115
622 1607
622 2510
622 7122
622 8772
622 8895
623 1693
623 1838
623 1956
623 2765
623 3872
624 919
625 1065
625 1665
625 2283
625 4439
627 1946
628 1108
628 1288
628 1979
628 2037
628 4800
628 5694
628 9441
629 1452
630 1224
630 1433
630 1526
630 7583
632 1648
632 1940
632 2168
632 7445
632 8292
633 8362
634 960
634 9882
635 1309
635 2562
635 3008
636 783
636 1472
636 2355
636 4677
636 5363
637 2556
637 2665
637 2684
637 5945
638 9664
639 911
639 1364
639 2449
640 817
640 2128
640 3210
640 3420
641 1166
641 3934
641 5306
642 1289
642 2652
643 1037
643 2448
643 4545
643 6105
644 2800
644 3534
644 7264
645 6323
646 661
646 771
646 6797
647 1356
647 3488
648 730
648 790
648 1154
648 3180
650 835
651 1262
651 1785
651 2315
652 1487
652 1583
653 758
653 2275
653 2411
654 2670
654 3703
655 3942
656 1125
656 1193
656 1664
656 9446
657 855
657 1985
657 8820
658 772
658 970
658 2153
658 2880
658 4947
658 6287
658 9491
659 4454
659 5743
660 5413
660 5658
661 667
661 738
661 1101
661 1430
661 2294
662 746
662 935
662 1211
662 1283
662 4111
663 1215
664 3960
664 6977
664 9722
665 706
665 3798
665 4496
666 4112
667 1447
667 2400
668 9027
669 1444
669 2201
669 2330
669 2621
670 1358
670 5034
672 2753
672 3725
672 4931
672 5894
672 6841
673 803
673 921
673 1107
674 1534
674 2749
675 885
675 1435
675 1778
676 1199
676 2459
676 3286
676 7638
677 3326
677 9329
678 1326
678 1691
678 1827
678 8831
679 5213
679 8415
681 1227
681 1826
681 1966
681 2844
681 3357
681 3559
681 6870
682 2347
683 761
684 720
685 2973
685 4525
686 1052
686 1968
686 3813
687 816
687 1601
687 2270
688 760
688 3196
689 1369
689 2475
689 5296
689 9391
690 1231
691 763
691 985
691 2082
691 2663
691 5044
692 747
692 2576
693 873
693 2954
693 3465
693 5740
693 6642
693 9624
694 3378
694 9395
695 3773
696 2278
696 8967
698 2421
698 3818
699 1913
699 7662
700 2861
700 2956
701 1455
701 2794
702 3456
703 811
704 4181
705 1696
705 2695
705 6948
705 9374
705 9471
706 934
706 999
706 1506
707 897
707 5302
707 7571
707 9511
708 2396
708 2592
708 7650
709 2987
709 3215
710 741
710 3634
710 3889
710 7605
710 9659
711 6296
711 7004
711 8640
712 1875
712 4499
713 1898
713 2124
714 1112
714 2132
715 1100
715 3289
715 3600
715 5964
715 8792
716 3129
716 3547
716 4131
717 2381
718 1947
718 1990
718 5985
719 762
719 3484
720 916
720 1042
720 1297
720 1349
720 1927
721 1824
721 2943
722 4641
723 1595
723 2923
724 1462
724 5514
725 826
725 1170
725 8658
726 840
726 917
726 1569
726 1726
726 1819
726 3592
727 1147
727 4629
728 870
729 856
729 1032
729 3707
729 8483
730 1245
730 1393
731 8597
733 955
733 7367
734 1515
734 2021
734 8077
735 2782
735 4315
735 8047
735 8923
736 1036
736 2781
736 2856
736 3110
736 8016
737 1025
737 2193
738 1007
738 1641
738 3368
738 4552
739 785
739 796
739 1228
739 1523
739 2585
739 9427
740 3769
740 4820
741 1204
741 1388
741 1996
741 9255
742 839
742 1762
742 1987
742 8023
743 1194
743 2255
743 4618
743 5028
744 749
744 3562
745 1278
745 2280
745 7156
746 833
746 1207
746 5103
747 2095
747 3259
747 8426
748 1522
749 850
749 1351
749 4979
750 4184
751 1219
752 2625
753 808
753 1008
753 1451
753 5286
754 3615
754 5476
754 9758
756 9608
757 1644
757 3245
758 2260
759 936
759 6995
759 6999
759 7185
759 8547
760 894
761 947
761 1528
761 3033
761 7312
761 8766
762 1757
762 4972
762 6012
763 5674
764 1114
764 1318
764 6920
765 2691
765 4831
766 804
767 1020
768 1023
768 1355
768 1699
768 2057
768 3839
768 5429
768 7383
768 8062
769 881
769 2870
770 939
770 3267
772 979
772 3462
772 4347
773 823
773 954
773 2067
773 2357
773 3510
773 4567
774 1167
774 3644
775 893
776 6817
777 907
777 1442
777 1504
777 2062
777 4104
777 7346
777 9091
778 1104
778 1513
778 8171
779 797
780 1499
781 1077
781 1084
781 1249
781 2610
781 5381
782 6318
783 1086
783 2989
783 3900
783 9862
784 899
784 2937
784 6331
785 890
786 2911
787 5627
788 843
788 1176
788 1552
788 5754
790 956
790 1014
790 1281
791 1616
791 2017
791 2569
792 5311
793 1483
793 2743
793 8905
794 810
794 5908
796 2478
796 7025
797 1417
797 8281
798 3476
798 3670
798 8845
799 2188
800 3334
800 4485
800 4595
801 813
801 1132
801 3855
802 1365
802 1401
802 1870
802 2485
803 1922
803 3727
803 4130
803 6658
804 1129
805 1139
805 1362
805 4305
805 5652
807 900
807 4858
807 7069
808 4372
809 2194
809 3729
811 879
811 1532
812 1246
812 1842
812 2131
813 7269
815 1667
815 2555
815 9389
816 831
816 1083
816 6299
817 2379
818 1969
819 1305
819 1330
819 1908
820 922
820 1128
820 2902
821 953
821 1933
821 3130
821 6136
821 9276
822 4392
823 3330
823 3904
823 4380
823 7581
824 1296
824 1344
824 2103
824 3785
824 3857
825 837
825 3915
826 1322
826 1338
827 2019
828 4714
828 5517
828 6569
828 6721
829 1331
829 1727
829 1904
829 4830
829 6139
830 7135
831 8844
832 2654
832 3019
832 3260
832 4748
832 8574
833 1468
833 7167
833 8908
834 2758
834 6262
835 7028
835 7052
837 4520
838 2181
838 4186
839 876
839 7899
840 1060
840 2101
842 2761
842 5608
843 1286
843 1884
843 8983
844 941
845 1804
845 5643
846 2182
846 8241
847 1295
847 1320
847 1631
847 2382
847 2624
847 3521
848 2648
848 6960
848 9061
849 1903
849 3145
849 7330
850 1440
850 4880
850 5876
850 8527
851 1038
851 5030
852 3118
852 5523
853 992
853 3002
853 3427
853 4625
853 5527
853 6852
853 8563
854 915
854 1070
854 2392
855 1293
855 1617
856 1530
857 1010
857 1131
857 3538
858 1357
859 2262
859 4433
860 1800
860 6705
862 1223
862 1666
862 2944
862 3837
863 1196
863 1287
863 9807
865 2948
865 3034
865 9721
866 2316
867 4404
868 1203
868 2088
869 2546
870 1470
870 2214
870 2467
870 7923
870 9747
871 1018
871 1177
871 1348
871 1412
871 2025
871 2150
871 8433
872 3411
872 6131
873 7308
874 7776
875 1005
875 1022
875 1752
875 2183
875 4354
876 7527
876 8352
877 1308
877 2703
878 3227
878 3799
878 7590
879 2745
880 1611
880 2211
881 1272
883 997
883 1775
883 2725
884 1786
884 4513
884 5051
885 2815
885 5130
886 2205
886 3930
886 4729
886 5544
886 9571
887 925
887 1284
887 2544
887 2712
887 7108
887 7655
888 1980
888 2451
888 5547
889 3680
890 1509
890 2566
890 9151
891 1547
891 3940
891 6230
891 7958
892 1729
892 3205
893 1115
893 2408
893 5739
893 7331
893 8537
894 1941
894 5622
894 5955
894 8293
895 1047
895 2284
895 2828
895 3069
895 5075
895 5701
895 9180
896 2336
896 3249
896 3313
896 3884
896 6121
897 2442
897 3736
898 2429
898 3796
899 4228
899 5347
900 3485
900 3700
901 1716
901 3272
902 1192
902 1779
902 2525
902 4268
903 2004
903 2551
903 3199
903 3778
903 4971
904 1425
904 6818
905 1148
905 1604
905 2637
906 987
906 2754
906 3136
906 3587
906 7800
907 1839
907 4320
907 8128
907 8207
908 2243
908 2568
908 8688
909 995
909 1294
909 1471
909 2198
909 2587
909 3017
909 3629
909 5216
909 5881
909 7310
909 9541
910 3691
910 3838
910 7055
910 7582
911 2161
911 2872
911 4195
912 951
912 1029
912 2678
913 1240
913 5490
914 1873
914 5442
915 1012
915 2491
915 7094
916 1292
916 9831
917 4395
918 2375
918 4051
919 1317
919 1629
919 4285
920 7682
921 2034
921 3457
922 2847
923 1163
923 1662
923 4448
924 1040
924 2297
924 2535
926 1507
926 4671
927 1217
927 2388
927 3829
928 1327
929 3746
929 8440
930 2464
930 3359
932 1574
932 3723
932 5601
932 6507
933 967
933 1900
934 2133
934 2946
934 3666
934 4659
934 8173
935 2416
935 6356
936 2273
936 3213
936 7169
936 7189
936 9065
937 2425
937 5448
937 5900
937 6484
937 7783
937 8057
938 1111
938 1734
938 3535
938 4328
939 3135
939 3777
940 5205
940 5798
941 4546
941 4852
941 7630
943 1030
943 8966
944 1561
944 1769
945 2777
946 1458
946 1596
946 6886
947 1002
947 3749
948 1063
948 1809
948 2997
948 8176
949 2026
949 2219
950 1719
950 2304
950 3932
950 4700
951 4205
952 4263
952 6508
952 8377
953 1475
953 4445
953 7222
954 1577
954 6570
955 1656
955 6173
955 6424
956 1450
956 1730
956 7664
957 2799
957 9304
958 1981
958 6951
958 7322
959 4379
960 1216
960 2134
960 5239
961 998
961 1761
961 1935
963 1078
963 6672
964 2204
964 7562
965 971
966 2087
966 2344
966 2469
966 6740
966 8325
967 968
967 2537
968 1407
968 2335
968 2766
968 4893
968 5049
969 3321
969 3812
970 1495
970 1728
970 2502
970 9014
972 1122
972 1386
973 1783
973 2444
974 2673
974 8752
974 8969
975 2047
975 6335
975 7226
975 7654
976 2812
976 2960
976 5657
978 1825
978 2453
978 3529
978 5066
978 5554
979 4544
979 6098
979 8682
980 1494
980 3632
980 6439
980 7251
980 8957
981 7372
981 7666
982 1016
982 2010
982 5950
982 6778
982 7849
983 1540
983 3078
983 4983
983 5807
984 1551
984 5056
985 1763
985 7228
986 4488
986 4890
987 2488
988 5274
988 6081
989 3364
990 2947
991 1120
991 1915
991 1919
991 3656
991 9452
992 2291
992 2508
992 6552
993 2022
993 2588
994 1695
994 2591
994 7611
995 2806
995 6863
996 1791
996 3652
997 1500
997 7013
997 8748
998 1057
998 1392
999 1446
999 1639
999 8932
1000 2224
1000 3546
1000 4289
1001 2918
1001 3261
1001 9965
1002 1518
1002 1556
1002 5665
1003 1994
1003 2222
1003 8452
1004 1387
1004 1929
1004 3502
1004 5466
1005 1626
1005 5499
1006 1885
1008 1871
1008 6875
1009 2331
1009 3366
1009 3802
1009 4939
1009 5934
1010 1474
1010 3369
1010 3550
1010 4095
1011 3494
1011 6737
1013 1974
1013 2700
1013 4824
1014 2945
1014 3016
1014 3633
1014 6379
1015 2385
1015 2789
1015 7325
1016 1373
1016 1562
1017 2247
1018 1957
1018 6085
1019 2199
1019 2300
1019 5230
1020 2014
1020 3160
1020 6166
1021 3693
1022 1486
1022 4134
1022 5770
1022 6717
1022 9455
1023 1061
1024 1741
1024 3068
1025 2962
1025 4164
1025 4542
1027 1071
1027 3165
1027 5155
1028 1335
1028 1377
1028 2751
1029 5110
1030 1505
1031 1127
1031 1404
1031 3809
1031 7186
1031 9462
1032 1162
1032 2144
1032 2768
1033 1624
1033 2821
1033 9738
1034 3897
1034 6040
1034 6129
1035 1113
1035 1527
1035 5921
1035 6175
1036 2279
1036 3014
1037 1544
1037 5085
1038 2268
1038 3504
1038 3514
1038 5386
1039 2618
1039 4150
1040 3306
1041 2086
1042 5969
1043 4823
1043 6387
1043 6769
1044 1264
1044 1755
1044 3561
1045 3039
1046 1062
1046 1082
1046 1090
1047 1725
1047 2044
1047 3569
1048 1323
1048 1654
1048 4057
1048 4094
1048 7681
1049 1133
1050 5358
1051 1476
1051 1899
1052 2536
1052 3854
1052 6079
1052 7854
1053 1384
1053 2677
1053 9921
1054 4847
1055 1134
1055 4692
1056 1341
1057 1588
1057 1589
1057 8535
1058 2298
1058 2358
1058 7023
1058 8519
1059 3035
1060 1236
1060 1536
1060 6115
1060 6799
1060 7282
1061 1391
1061 4254
1061 4751
1061 7612
1062 2141
1062 6577
1063 2395
1063 2939
1063 4221
1064 1409
1065 1874
1065 5691
1065 8430
1066 1201
1066 4030
1066 8551
1067 1299
1067 5636
1067 7388
1068 2538
1068 9545
1069 1250
1069 1598
1070 1105
1070 2028
1071 5069
1072 1473
1072 8945
1073 1080
1073 1118
1073 2687
1073 5465
1073 8331
1074 1535
1074 6873
1075 3354
1075 4685
1075 9726
1076 4414
1077 6250
1077 8488
1077 9749
1078 1698
1079 2060
1079 2826
1079 7802
1080 5936
1081 1256
1081 1759
1081 3355
1082 2290
1082 2422
1082 3968
1082 8201
1083 1923
1083 2006
1083 6429
1084 1235
1084 2364
1084 3681
1085 8526
1086 1793
1086 6967
1087 1633
1087 1863
1087 4418
1088 2110
1088 2938
1088 3517
1088 7300
1088 8919
1089 1190
1089 1205
1090 9570
1091 2209
1091 3507
1092 2511
1092 3983
1093 1454
1093 2736
1093 5806
1094 1138
1094 2016
1094 5857
1096 1181
1096 1481
1096 4015
1096 5063
1096 6460
1096 8828
1096 8894
1097 1432
1097 5364
1097 6771
1097 7236
1098 1261
1098 7244
1099 2154
1099 2635
1099 7878
1100 3113
1101 1833
1101 3618
1101 5016
1101 6661
1101 8280
1102 1563
1102 2127
1102 6004
1104 1187
1104 1396
1104 3858
1105 1503
1105 9089
1107 1489
1107 6524
1108 4706
1109 1117
1109 2977
1109 3045
1109 3678
1109 3728
1109 4492
1109 4615
1109 9339
1110 3580
1110 5553
1110 7423
1111 1328
1111 1834
1111 2871
1112 1467
1112 1560
1112 3446
1112 6659
1114 1247
1114 6760
1115 4611
1116 1643
1116 2981
1116 4430
1116 5942
1117 1445
1117 1614
1117 2220
1118 1191
1120 7047
1122 2170
1122 3170
1122 6701
1123 1312
1123 2560
1124 1496
1124 3782
1125 1615
1125 8692
1126 1269
1126 6036
1127 1220
1127 1649
1128 1266
1129 1200
1129 1303
1129 2239
1129 3438
1129 4459
1129 8882
1130 7259
1130 7584
1131 4326
1132 1229
1132 3097
1133 1257
1133 2212
1133 2307
1134 2054
1134 2437
1134 5680
1135 1422
1135 1584
1135 8120
1136 5692
1137 3643
1137 5119
1138 2013
1139 1352
1139 4960
1140 2605
1141 1753
1141 7091
1143 1172
1143 3647
1143 8349
1144 1640
1145 2563
1146 7896
1146 9458
1147 1188
1147 6482
1149 4147
1149 4846
1150 2714
1150 2998
1151 3458
1152 2916
1153 2084
1155 7476
1155 8817
1157 1243
1157 9135
1159 1367
1159 3338
1159 4204
1159 7755
1160 6227
1160 6516
1161 1378
1161 4716
1161 6352
1161 6684
1162 1869
1162 2351
1162 9800
1163 1178
1163 1514
1163 1751
1163 2340
1163 4233
1164 3043
1164 4288
1164 5411
1164 5839
1165 1744
1165 2155
1165 2816
1165 3980
1165 7443
1166 2024
1166 5641
1167 3176
1167 4610
1168 2971
1170 2007
1171 4512
1172 2063
1172 3266
1173 3201
1173 4148
1174 4406
1175 1677
1175 3111
1176 1581
1176 3655
1177 2617
1178 7353
1179 6735
1180 2108
1180 6285
1181 2634
1181 5039
1182 2465
1182 3315
1183 9346
1184 3950
1185 2494
1185 5238
1187 1638
1187 2389
1188 1429
1188 4598
1189 6866
1189 9687
1190 6440
1191 1972
1192 1635
1192 5849
1193 1316
1193 3929
1193 4563
1193 4976
1193 5536
1195 4780
1195 7109
1196 3898
1197 2472
1197 2564
1197 5649
1197 6160
1198 1894
1198 2780
1198 2810
1199 1766
1201 5372
1201 7291
1202 3253
1203 1945
1204 1300
1204 6837
1204 7063
1204 9072
1205 1383
1205 4528
1207 2413
1208 1713
1208 2325
1209 6808
1209 9526
1210 2092
1210 4811
1210 4886
1211 4467
1211 6495
1211 6768
1212 2059
1212 2786
1212 4922
1213 3808
1213 5715
1214 1436
1214 5464
1215 4178
1216 1559
1216 3827
1216 4487
1217 6714
1219 1334
1219 3081
1220 9281
1222 1382
1225 3894
1226 1337
1227 1651
1227 8623
1228 1346
1228 2009
1228 2215
1228 6102
1229 1907
1229 2160
1229 3451
1229 4723
1229 8228
1230 1354
1230 7368
1231 1276
1231 2432
1231 3555
1231 5867
1232 1646
1233 1636
1233 2308
1233 2735
1233 9086
1234 1754
1234 1949
1234 6260
1236 1678
1236 2741
1236 6357
1237 1684
1237 1709
1237 2991
1238 2178
1238 5616
1238 7172
1239 1652
1239 2922
1239 5349
1240 1891
1241 2460
1241 4013
1241 7360
1241 9935
1242 1267
1243 1679
1243 4721
1244 1491
1244 5426
1244 6061
1244 8956
1245 3482
1245 4420
1245 4661
1247 3924
1248 1463
1248 4335
1248 4514
1248 5407
1248 6014
1249 2332
1250 2541
1250 5599
1251 1788
1251 3183
1251 3955
1252 2808
1252 3153
1252 5241
1252 7526
1252 9506
1253 4075
1253 6385
1253 6417
1255 1645
1255 2076
1255 3750
1255 4143
1256 2558
1257 6286
1258 2405
1259 1275
1259 2218
1260 2237
1260 5144
1261 2852
1261 3431
1262 1376
1262 1806
1262 2628
1262 8753
1262 9607
1263 1835
1263 2721
1263 8944
1264 1464
1265 1669
1265 3400
1265 4702
1265 7961
1266 2052
1266 3308
1266 5538
1267 8902
1269 4942
1271 1290
1272 2250
1272 2322
1272 3518
1273 2081
1273 3200
1274 5667
1275 1866
1276 1855
1276 1942
1276 1962
1276 2876
1277 1434
1277 1938
1277 2791
1277 8513
1278 1697
1278 3233
1278 4248
1278 5308
1279 5180
1280 1632
1280 2197
1280 4002
1280 4991
1282 1336
1282 1692
1282 9477
1283 8232
1285 3584
1285 4457
1286 1403
1286 2149
1286 8083
1287 1694
1287 4096
1287 4360
1288 9279
1289 1438
1289 2720
1289 3342
1289 4541
1289 5460
1289 8508
1290 7604
1291 6087
1291 7168
1292 4862
1293 5129
1293 7256
1293 9878
1294 2681
1294 5078
1295 4715
1295 5432
1296 1628
1296 2064
1296 2917
1296 2979
1296 4938
1296 7166
1297 9679
1298 9702
1299 2542
1299 6909
1300 1568
1301 1570
1301 1613
1301 2409
1302 5097
1302 7658
1303 2974
1304 7686
1305 1469
1305 1808
1305 2169
1305 3095
1305 6541
1305 7596
1306 1978
1306 4497
1306 4921
1306 8909
1307 2140
1307 6343
1308 3091
1309 5573
1310 2236
1310 2487
1310 6114
1310 8507
1311 3815
1311 4689
1311 4968
1311 8382
1312 2657
1312 7865
1313 3268
1314 1676
1314 1897
1315 2276
1315 5240
1316 7393
1317 1687
1318 1519
1319 2953
1319 5916
1319 6838
1319 7920
1322 1550
1322 3495
1322 4790
1323 1760
1323 2324
1323 2539
1323 7452
1324 2499
1325 1424
1325 7557
1326 3197
1326 4196
1327 2993
1328 1674
1329 3001
1330 3204
1330 6366
1330 7984
1331 2018
1331 6075
1333 7619
1334 1597
1334 1718
1334 4003
1334 4980
1335 1554
1336 1575
1336 2889
1336 4752
1337 5480
1337 6107
1338 6254
1339 2061
1339 4985
1339 5181
1339 5420
1340 1937
1340 3312
1342 2929
1342 3794
1342 5162
1346 2113
1346 2738
1346 6593
1347 1896
1347 1917
1347 3198
1347 6815
1348 1372
1348 1606
1348 1943
1348 9428
1350 1934
1350 2173
1350 3114
1350 5775
1351 4340
1352 3138
1352 8081
1353 1801
1354 1722
1354 7930
1357 8262
1358 4975
1361 3293
1362 1970
1362 2908
1362 3478
1362 4585
1362 8955
1363 3604
1363 5745
1363 7469
1364 2747
1365 2659
1366 1663
1367 2419
1367 5055
1368 1510
1368 6017
1369 1841
1369 2410
1370 3505
1370 8592
1373 1620
1373 1989
1373 2238
1374 2129
1374 2412
1374 3418
1374 5309
1374 7449
1374 7828
1375 1578
1375 2334
1376 3612
1376 3978
1376 7097
1377 2774
1378 1706
1378 5455
1378 8490
1379 2138
1379 4425
1379 6957
1379 8703
1380 3617
1380 5625
1381 2580
1381 2982
1381 4321
1381 9012
1382 9953
1383 1944
1383 1951
1384 1399
1384 2454
1384 2596
1384 3059
1384 4424
1384 7500
1384 8064
1385 1612
1385 3023
1385 4154
1385 6117
1385 6895
1385 7332
1386 6713
1387 1449
1387 8046
1387 9744
1388 2406
1388 4302
1389 2612
1390 1488
1391 2164
1394 1625
1394 3003
1394 3258
1394 8489
1396 4643
1397 3636
1398 3390
1398 3776
1398 5475
1398 9219
1399 9030
1402 1634
1402 1889
1402 5892
1403 2699
1403 9085
1404 3255
1404 4662
1405 1539
1405 5976
1406 1710
1406 3032
1408 8314
1408 9394
1409 1931
1409 7225
1409 8045
1409 8089
1412 2257
1412 4889
1412 6438
1413 1681
1413 2521
1413 3687
1414 2640
1414 4857
1414 5646
1415 3011
1417 5089
1417 5107
1417 8610
1418 2387
1418 3740
1418 7045
1419 4160
1419 4183
1420 2100
1420 3876
1421 1485
1421 1965
1422 3739
1423 3276
1423 3298
1424 2370
1424 6786
1424 9214
1425 1558
1425 2069
1425 3586
1425 3820
1428 1735
1428 9263
1429 2656
1429 3921
1429 9163
1430 2865
1430 2980
1430 4232
1430 7124
1430 8396
1430 9077
1431 1585
1431 4325
1431 7554
1433 1715
1434 5353
1434 7771
1437 5634
1438 4803
1438 9682
1440 5884
1440 9083
1441 3803
1441 6368
1441 9066
1442 1576
1442 2688
1442 3040
1443 2189
1443 6039
1443 9192
1445 3012
1445 4172
1445 4696
1445 5824
1446 2866
1446 5197
1447 3661
1447 4473
1448 6049
1449 6971
1451 5352
1451 6100
1452 5813
1452 6116
1453 2098
1453 2575
1453 6103
1453 6943
1453 9495
1454 3866
1454 4591
1454 4904
1455 2868
1455 3598
1455 3908
1455 4078
1455 5755
1456 7835
1457 3610
1457 3737
1459 7078
1460 3018
1461 1573
1461 5336
1463 1950
1464 8112
1465 7298
1466 7553
1467 2833
1467 2897
1467 4860
1468 3702
1468 4709
1469 5736
1469 7454
1470 6779
1471 4348
1472 1591
1472 2846
1472 3282
1472 7191
1473 2135
1473 2167
1474 1983
1475 1650
1475 1689
1475 2223
1475 4295
1475 6847
1477 1670
1477 2112
1477 2775
1477 7090
1477 7730
1478 9129
1479 1533
1479 3470
1479 7603
1480 3351
1482 4574
1482 9384
1483 3140
1483 6871
1484 2174
1484 2598
1484 3437
1485 1582
1485 5794
1486 1955
1486 6994
1486 7303
1487 2557
1487 5977
1487 6966
1488 1608
1489 1622
1489 3066
1489 7516
1489 9076
1490 2397
1490 3620
1491 2924
1491 5486
1491 6473
1492 3248
1493 2032
1493 2256
1493 2672
1494 1879
1494 6437
1497 1603
1498 1802
1498 1997
1498 8194
1498 8672
1499 2466
1499 4409
1499 9350
1500 1823
1501 2468
1502 2252
1502 7366
1503 2704
1503 7205
1504 4225
1504 6892
1506 1599
1506 5177
1507 8824
1507 9100
1509 1549
1510 1688
1510 2630
1510 4229
1511 2858
1512 2949
1513 4773
1513 7488
1514 2490
1514 3254
1514 9278
1516 2394
1516 4476
1517 2729
1517 7977
1517 8144
1518 1906
1518 2192
1518 5202
1518 7046
1518 7903
1518 9002
1519 3944
1520 2831
1523 6719
1524 1701
1524 3049
1524 5836
1524 6834
1525 2090
1525 2151
1525 2434
1525 5458
1526 5113
1526 6052
1527 4763
1527 9234
1528 1712
1529 1960
1529 3704
1531 2042
1531 4272
1531 5835
1531 6916
1532 2171
1532 2792
1533 3124
1535 1886
1535 4394
1536 2005
1536 3190
1537 8851
1538 3388
1538 7820
1540 6973
1540 9971
1541 2512
1541 7882
1542 1928
1542 2788
1544 5687
1545 8399
1546 2707
1547 6184
1548 1618
1548 2403
1548 2959
1548 6773
1548 8529
1548 8603
1548 9713
1549 2158
1549 2426
1549 2552
1549 4071
1549 6021
1549 8225
1550 4631
1551 2622
1552 6709
1554 2296
1554 5289
1554 5915
1555 2348
1555 2999
1555 7517
1556 1593
1557 1836
1557 2755
1557 3367
1557 6812
1558 1807
1558 5175
1559 2329
1560 2480
1560 7871
1560 9741
1562 2553
1562 5199
1562 7414
1563 2001
1563 2964
1563 3430
1563 6513
1563 7198
1563 8027
1564 3370
1564 5095
1566 1797
1566 1814
1566 2669
1567 1586
1567 9603
1568 1817
1568 1926
1568 2360
1568 2597
1568 2818
1569 2139
1569 2267
1569 8545
1570 5789
1570 9867
1571 5237
1571 6660
1572 3881
1572 4647
1572 5083
1573 1790
1573 7437
1573 9629
1574 2430
1575 2910
1575 4652
1575 5354
1576 1749
1576 3295
1576 7079
1576 8668
1577 2152
1578 2763
1578 3826
1578 5966
1579 4482
1579 6202
1579 9793
1580 2123
1580 2254
1581 1673
1582 4864
1584 8809
1585 4750
1586 3669
1586 5843
1586 7610
1587 1704
1588 1661
1588 1958
1588 3830
1588 3974
1588 6302
1590 8498
1591 2363
1592 1991
1593 2299
1593 2733
1594 4738
1594 9258
1595 5167
1595 7287
1596 2825
1597 5645
1598 2106
1598 3985
1598 5247
1600 5065
1601 4533
1602 1995
1602 8747
1603 3956
1603 4526
1603 8184
1603 9728
1604 3660
1604 9440
1605 4687
1606 1811
1606 6598
1607 2157
1607 5861
1607 6617
1608 1861
1608 2074
1608 4954
1608 5630
1608 6525
1610 1658
1610 2809
1610 4121
1611 1733
1611 5773
1612 4218
1612 5139
1612 9267
1613 4431
1613 7231
1614 2590
1614 3300
1614 7772
1615 5971
1617 2671
1617 2740
1617 5152
1617 6244
1618 1724
1618 3500
1619 1860
1619 3511
1620 2000
1620 7447
1622 3208
1622 4646
1624 5904
1624 9460
1625 2241
1625 3989
1626 5923
1626 9560
1627 2864
1627 7589
1628 2495
1628 5176
1629 2970
1629 8935
1630 9615
1631 4818
1631 5765
1631 8952
1632 1805
1632 6223
1633 1690
1633 2653
1633 9206
1634 6952
1635 3959
1637 4472
1639 3619
1639 4185
1639 5528
1640 2650
1640 5324
1641 2686
1643 2685
1643 3450
1645 5801
1646 2534
1646 3064
1647 4744
1648 3314
1649 1717
1649 2142
1649 2996
1649 5284
1650 3760
1650 6978
1650 9408
1651 3616
1651 4478
1653 2345
1653 5446
1655 3970
1655 6337
1656 5395
1658 9933
1659 1675
1659 2264
1659 6278
1659 8147
1661 5332
1662 1883
1662 2719
1663 2723
1663 9355
1664 7077
1665 3224
1666 4468
1666 9336
1668 3844
1668 9470
1669 2819
1669 9363
1671 2216
1671 4882
1672 2143
1672 6037
1673 2235
1673 3053
1673 4173
1673 6846
1674 1988
1674 4047
1675 2159
1675 3044
1676 8762
1677 3963
1677 6820
1678 2055
1678 2756
1678 9328
1679 4826
1679 6526
1681 1795
1681 2593
1681 2935
1682 3121
1682 3571
1683 6197
1684 1882
1684 4080
1685 4676
1685 5267
1685 8266
1686 7884
1687 3806
1687 5218
1687 7487
1688 2885
1688 8530
1689 2668
1689 4010
1689 8982
1691 1731
1691 7208
1692 3098
1692 8609
1693 2601
1694 3423
1695 3107
1695 6464
1695 8010
1696 1794
1696 1810
1697 7088
1698 1803
1698 2892
1698 4146
1699 7807
1699 8294
1700 1772
1700 9326
1700 9366
1702 3475
1703 2225
1703 2371
1703 2883
1703 3079
1703 3421
1704 2504
1704 5999
1705 1736
1705 1893
1705 7365
1706 2925
1706 5288
1706 9962
1707 2914
1707 3285
1707 3407
1707 4301
1708 5433
1709 2337
1709 3055
1709 4507
1710 2368
1710 7471
1711 1982
1711 2913
1711 9101
1713 2372
1713 3563
1714 2479
1714 2627
1714 3358
1715 7883
1716 3243
1716 3662
1717 1774
1717 1878
1717 2483
1717 3992
1717 9368
1718 3046
1719 7528
1720 4722
1720 5706
1721 2195
1721 2306
1722 3883
1722 6031
1723 2549
1723 3401
1724 2349
1724 3047
1724 7384
1725 3835
1725 9418
1726 6321
1727 1799
1728 9064
1729 2550
1730 2341
1731 4699
1731 7796
1731 8528
1732 2383
1732 5831
1734 5279
1735 3324
1735 3544
1735 6169
1735 7354
1736 5913
1736 8712
1737 9537
1738 2399
1738 8885
1740 5898
1740 6171
1741 2840
1741 3246
1741 6819
1743 5431
1744 2901
1744 3914
1744 5883
1744 9888
1745 7843
1746 2899
1746 7081
1747 6029
1748 6373
1749 2365
1750 3340
1751 2599
1751 6293
1751 9224
1753 2616
1754 2053
1755 9959
1756 2757
1757 3038
1757 3041
1758 3380
1759 7922
1760 4371
1760 5893
1760 7098
1760 9144
1760 9421
1761 3954
1762 7616
1762 8690
1762 9557
1763 4640
1763 5131
1763 7123
1764 1770
1764 4557
1765 1776
1765 2565
1765 2767
1765 7733
1767 4250
1768 3543
1768 4549
1769 5174
1769 5935
1772 7064
1772 7427
1773 3062
1775 8879
1776 1948
1776 2302
1776 4323
1776 5285
1777 7573
1778 3184
1779 2664
1779 3126
1780 4043
1781 2190
1782 1865
1782 9527
1784 5556
1784 5826
1785 3676
1788 8094
1789 6937
1790 4226
1791 1973
1791 3020
1791 3842
1791 9444
1792 5540
1793 2620
1793 3994
1794 4854
1795 7595
1796 5653
1797 2049
1797 2249
1798 8139
1799 2111
1799 3223
1799 3853
1800 2801
1800 6936
1800 8090
1802 6674
1802 8152
1803 7030
1804 8978
1805 1964
1805 3953
1805 4962
1806 2272
1806 2445
1806 2600
1806 2715
1807 7175
1807 9042
1808 4214
1810 3271
1810 3821
1810 7376
1811 3287
1812 3856
1813 1820
1813 6217
1815 3454
1817 2391
1818 6095
1819 3399
1819 3738
1819 4787
1819 5070
1820 2903
1820 5864
1821 1912
1821 2927
1822 2658
1822 3877
1822 9881
1823 2041
1824 1932
1824 6566
1825 6564
1825 9160
1826 3705
1826 6529
1827 1843
1828 3164
1828 6665
1828 8938
1828 8949
1828 9549
1829 1851
1829 2708
1829 3406
1829 5956
1830 2099
1830 3137
1831 2933
1831 8242
1832 1849
1832 5282
1832 6475
1833 6194
1834 3512
1835 3348
1837 4376
1837 5040
1838 3283
1838 3304
1838 6303
1838 6315
1839 3229
1839 7826
1839 7846
1840 6291
1840 6430
1841 1845
1841 2114
1841 2269
1841 7275
1842 1848
1843 3109
1843 5084
1843 8580
1844 5067
1845 2860
1845 4571
1846 2414
1847 2186
1847 2477
1847 8180
1848 7216
1849 5376
1849 6662
1851 3158
1852 1876
1852 2443
1852 3772
1852 4005
1853 2115
1854 3311
1854 5642
1854 8890
1854 9592
1855 3479
1855 8678
1858 3624
1861 3931
1861 6908
1863 3412
1863 6063
1863 7334
1863 9772
1864 4837
1864 6191
1864 8012
1865 2091
1865 6340
1866 2867
1866 6180
1867 4998
1868 6546
1869 9078
1871 2065
1871 6377
1872 6149
1873 2305
1873 2327
1873 2611
1873 4807
1873 5449
1875 9150
1876 2240
1876 2915
1876 4616
1877 5339
1878 4690
1879 2015
1879 5116
1879 9941
1880 5031
1881 2266
1881 5047
1881 8859
1882 3015
1883 2030
1883 5088
1883 7667
1883 9417
1884 2373
1885 2122
1885 4801
1885 7819
1886 2109
1886 2702
1886 3589
1887 3757
1887 4313
1887 6855
1887 7862
1888 3553
1889 2066
1889 2503
1889 4346
1889 7050
1889 7106
1890 1976
1890 6188
1890 6494
1892 5125
1892 8511
1893 3391
1894 3007
1894 5887
1895 6523
1895 8126
1896 2722
1896 5782
1897 3347
1897 5548
1898 9378
1899 5127
1900 2227
1901 4594
1901 8217
1902 8231
1903 3192
1903 9590
1904 1952
1904 1984
1905 1914
1907 2401
1907 6249
1907 8204
1908 4106
1908 6539
1908 7107
1909 4867
1911 3625
1912 3671
1912 5262
1913 6785
1914 7586
1915 4447
1915 6401
1916 3744
1916 9415
1917 3432
1918 6043
1919 5385
1919 7277
1919 7422
1921 4834
1921 8838
1921 9488
1922 5512
1923 2517
1923 2907
1924 2172
1926 5387
1927 4378
1928 6747
1929 1993
1929 2727
1929 3533
1929 7993
1929 9976
1931 2957
1932 2455
1932 2813
1933 2119
1933 3202
1933 4927
1933 5166
1933 7348
1933 8595
1934 5526
1934 6298
1935 3648
1936 4350
1936 7420
1939 9777
1940 5073
1940 8903
1940 8971
1941 2689
1941 3076
1941 6375
1942 2202
1942 3721
1942 4066
1942 4199
1942 4711
1943 4349
1944 2676
1944 6764
1946 2244
1946 6585
1947 4318
1947 7995
1947 9193
1950 2526
1950 3336
1950 7738
1951 5863
1952 3257
1952 7043
1953 6314
1953 7041
1954 2417
1954 4869
1954 5472
1954 6353
1955 7615
1956 2832
1956 7620
1956 8155
1957 2481
1958 4746
1958 6125
1958 7972
1959 2604
1959 4674
1961 4868
1962 5165
1962 9767
1963 9566
1964 4282
1965 6361
1966 5784
1966 6649
1967 4055
1967 8620
1968 4614
1969 2162
1970 2221
1970 2274
1970 3086
1970 4338
1970 5698
1970 5814
1970 6929
1970 9028
1971 2639
1971 3665
1971 4156
1971 8157
1972 2769
1973 3142
1973 9544
1974 5164
1975 1986
1977 5888
1977 7540
1978 6811
1979 8812
1981 2572
1982 2073
1983 2045
1983 2105
1983 2353
1983 4053
1984 4076
1985 2362
1985 2894
1985 4029
1985 7006
1985 8796
1987 2328
1987 2514
1987 4812
1989 5257
1989 8806
1989 9660
1990 2441
1990 2706
1990 3307
1990 5102
1991 2281
1991 2482
1991 2711
1992 2476
1993 4297
1993 7967
1994 3788
1995 4551
1996 2462
1996 7991
1997 5297
1998 4456
1999 2842
1999 4110
2000 5141
2000 8014
2001 2683
2001 3766
2001 4158
2001 4649
2002 4756
2003 2027
2005 2245
2007 8936
2008 2121
2009 4603
2009 6947
2010 2869
2010 6992
2010 9539
2011 4793
2013 9195
2014 2891
2014 7761
2015 4762
2016 2230
2017 3745
2017 3816
2017 6161
2019 4470
2020 2342
2020 2518
2020 2893
2020 5730
2023 5511
2025 3323
2025 4246
2026 2191
2026 4132
2027 2312
2027 3699
2027 5710
2027 5712
2028 2148
2028 2698
2028 2986
2028 5825
2029 2180
2029 3899
2030 4480
2030 6691
2031 3527
2031 8136
2033 2232
2034 4608
2035 2619
2038 4390
2040 8321
2041 2145
2044 2367
2046 2509
2046 3926
2047 6445
2047 6678
2048 2746
2048 3913
2048 3997
2049 5515
2049 5947
2049 7576
2050 3537
2051 2803
2051 4113
2053 3052
2055 3971
2055 4031
2058 3247
2059 4041
2061 2559
2061 2874
2061 4760
2061 8239
2064 2976
2065 2356
2065 7724
2066 5998
2067 2439
2067 2873
2067 5186
2068 5534
2068 7101
2069 2320
2069 2992
2069 3696
2069 6715
2071 2420
2071 3318
2071 3840
2071 5231
2072 4128
2073 3993
2073 8273
2074 3147
2074 3384
2074 3497
2075 3417
2075 7429
2075 8153
2076 2522
2076 2524
2076 2609
2076 3733
2076 3880
2076 6350
2077 2484
2077 3654
2077 8501
2078 3597
2078 6949
2078 9977
2080 2136
2081 3901
2081 5315
2082 7994
2083 4008
2084 3029
2085 4025
2085 6695
2087 4222
2088 2210
2088 3464
2088 6189
2088 9156
2089 2500
2089 2690
2089 3128
2089 3698
2089 4423
2090 6582
2091 2229
2091 7888
2093 3073
2094 6794
2095 2319
2095 7969
2095 9392
2096 3995
2096 4917
2096 8973
2097 5757
2100 3122
2100 5685
2101 2433
2101 2790
2102 2709
2102 4194
2102 5628
2102 6462
2102 8898
2103 2804
2103 3764
2103 6904
2104 3568
2104 8968
2105 5951
2107 3688
2107 4056
2107 8296
2108 2716
2108 7195
2108 9489
2109 2301
2109 2561
2109 3372
2109 7703
2111 3917
2112 5738
2115 2811
2115 2890
2115 2952
2115 5345
2115 8318
2116 4038
2117 2321
2117 3212
2117 6358
2117 6636
2119 7732
2120 2807
2121 2350
2121 3155
2121 8283
2123 5029
2123 8802
2124 2398
2125 2785
2125 4428
2125 4600
2125 5342
2126 5993
2127 3080
2127 6810
2128 3907
2129 6268
2130 4366
2130 8855
2132 2692
2132 5022
2133 3933
2135 3608
2135 3686
2136 5689
2136 8685
2137 4814
2137 7274
2139 3787
2140 3526
2140 3635
2140 6054
2141 2896
2142 3878
2143 3408
2143 6178
2144 3360
2144 7697
2145 3082
2146 4283
2147 3585
2147 3649
2147 8063
2148 3413
2148 8868
2149 4363
2149 9760
2152 4627
2152 9708
2153 2783
2153 3240
2153 4929
2154 2748
2156 3054
2156 8531
2156 9868
2157 2647
2157 5236
2157 6151
2157 7521
2159 5500
2159 7893
2161 6099
2162 3242
2162 3761
2162 3775
2163 2793
2164 5516
2164 5589
2165 3779
2165 4678
2165 8899
2166 2207
2167 7019
2168 4202
2168 4833
2169 3162
2170 4697
2170 4781
2171 2532
2171 7515
2172 3339
2172 3513
2172 5949
2174 3758
2175 3694
2177 3508
2177 3630
2177 6699
2177 7235
2177 7863
2178 5264
2179 3771
2180 6277
2181 4521
2183 6253
2184 6407
2185 5115
2186 3601
2187 4063
2187 4766
2187 4911
2189 2814
2190 3156
2190 4329
2190 5612
2190 7698
2190 8576
2191 2489
2191 3774
2191 5828
2192 5059
2192 8491
2193 7131
2195 2928
2198 3163
2198 4955
2199 2295
2199 7579
2200 5929
2201 2473
2201 3216
2202 2265
2203 7249
2203 7323
2207 4628
2207 5877
2207 9244
2208 2613
2209 5251
2209 6196
2209 7270
2209 7481
2210 3792
2211 2428
2212 3294
2212 3902
2212 6901
2212 8268
2213 3747
2215 2968
2217 5507
2218 4842
2219 3264
2219 3936
2219 5444
2220 5417
2220 5989
2220 7377
2220 7937
2222 3590
2222 6624
2223 2972
2223 3668
2223 6835
2223 8736
2225 5147
2226 2851
2226 4336
2227 4082
2228 8552
2229 2577
2229 3250
2230 5561
2231 2407
2233 3075
2234 2660
2234 8798
2237 9398
2238 7125
2239 4930
2239 9598
2240 3490
2240 9239
2241 5269
2243 6212
2245 2384
2245 3964
2245 5036
2247 4255
2247 7193
2248 2498
2248 6685
2248 8015
2248 9211
2249 3236
2250 3179
2252 3639
2253 5663
2254 2884
2255 3461
2256 3061
2256 3072
2258 4621
2260 5438
2262 8553
2262 9529
2264 2285
2264 3731
2265 3922
2267 8332
2267 8455
2268 2985
2269 4531
2269 8177
2269 8872
2270 2696
2270 4333
2271 5602
2271 7061
2272 3783
2272 7726
2272 9147
2273 2631
2273 4083
2274 5819
2274 9282
2275 3645
2275 3909
2276 3969
2278 4679
2279 7112
2279 7672
2280 2581
2280 4572
2281 3415
2282 4245
2282 7224
2283 2744
2285 4097
2286 3890
2287 3395
2288 3455
2288 4988
2288 7324
2289 3397
2289 5156
2289 6921
2291 3640
2291 9057
2292 2983
2292 9053
2293 3672
2293 3843
2293 6448
2293 9487
2294 4203
2295 3108
2295 4651
2295 9869
2296 3722
2296 7913
2297 7752
2298 7756
2298 9325
2300 4437
2301 8096
2303 2346
2303 3519
2303 4460
2303 5250
2304 3299
2306 3492
2306 3613
2307 3864
2307 7202
2307 9296
2310 4163
2310 9524
2311 2339
2311 4477
2312 4389
2312 5355
2312 6547
2312 9858
2313 2750
2313 3063
2313 8290
2314 2718
2314 3574
2314 3870
2315 9553
2316 2906
2318 3211
2318 5383
2319 2905
2319 4673
2320 5235
2322 5323
2323 3581
2325 2359
2325 4396
2326 5551
2327 3168
2327 4928
2328 2697
2328 3119
2328 6225
2329 9839
2330 2796
2330 3588
2331 2554
2331 3748
2331 6459
2332 3207
2333 2573
2333 2608
2333 9769
2334 5154
2334 8803
2335 2841
2335 2845
2335 3990
2336 2436
2337 3345
2337 3387
2338 3576
2338 8102
2338 8539
2338 8555
2340 2354
2340 5961
2342 2530
2344 4017
2344 5485
2344 7830
2345 5298
2345 7150
2346 4307
2347 4304
2347 6246
2350 9260
2350 9678
2351 9190
2352 3291
2354 3037
2354 3690
2354 7781
2355 2779
2356 5788
2357 3925
2358 5941
2359 5797
2359 7818
2362 4845
2363 2606
2364 9782
2366 8677
2367 2682
2369 2614
2369 3327
2370 7644
2370 9536
2371 5196
2374 4062
2374 4383
2377 3238
2377 9185
2379 2584
2379 3409
2379 4367
2379 4932
2380 4018
2380 5071
2381 2817
2381 6274
2381 7635
2382 6019
2383 2931
2383 4085
2383 4737
2384 4992
2384 8127
2385 3742
2385 8333
2386 4655
2386 7451
2387 2762
2387 3480
2387 8220
2387 8701
2387 9405
2388 6294
2389 2463
2389 3134
2389 3281
2389 5832
2390 2857
2390 6059
2391 4092
2391 4251
2392 3712
2392 5403
2395 4139
2395 5800
2396 3182
2396 7431
2396 8849
2397 3426
2397 3849
2397 5005
2399 3148
2399 3187
2399 8026
2400 2586
2402 6185
2402 8567
2403 3305
2403 5711
2404 4483
2404 5818
2404 8954
2405 5439
2405 5752
2406 2547
2406 3422
2406 6614
2408 3528
2408 6371
2408 8814
2411 2492
2411 4403
2412 7774
2413 9958
2414 6146
2414 7280
2416 3805
2416 5206
2417 3867
2417 3941
2419 4155
2419 7162
2420 3449
2420 5427
2420 7369
2421 3106
2421 5434
2421 7740
2422 2440
2422 5774
2422 7637
2423 6565
2424 4798
2425 3952
2427 2493
2428 2904
2428 6643
2428 7180
2429 5591
2431 6592
2432 7578
2433 7100
2434 2726
2435 8718
2437 3483
2437 4322
2438 2638
2438 3638
2438 5905
2438 9540
2439 7273
2440 4213
2440 5074
2440 5815
2443 4276
2444 3356
2444 3363
2444 4241
2445 2705
2446 2497
2446 2995
2447 7444
2448 5406
2450 2570
2450 3335
2450 4152
2451 3159
2451 7212
2452 5681
2452 5733
2453 4411
2455 3361
2455 5122
2455 5404
2455 6140
2456 5786
2457 3157
2457 7640
2458 3104
2458 4498
2458 4680
2458 5134
2458 7209
2459 8200
2460 3083
2460 8857
2460 9110
2461 3469
2462 3539
2462 7316
2463 7400
2464 5492
2464 8588
2465 2615
2465 7038
2467 2515
2467 4479
2469 2574
2469 5502
2469 7689
2470 4504
2470 7575
2471 6416
2472 2760
2472 8367
2473 3193
2474 9912
2475 2527
2475 5907
2476 2836
2477 4570
2480 3279
2480 5295
2481 4540
2482 4635
2482 8917
2483 3319
2483 8853
2484 8164
2484 9334
2485 2850
2485 4539
2485 5855
2486 5595
2488 2519
2488 3166
2489 8125
2490 9449
2491 3471
2491 3481
2491 3667
2492 3951
2494 4365
2494 5391
2494 6064
2495 2912
2495 3048
2495 3445
2496 5958
2496 9324
2497 4397
2498 3006
2498 7102
2499 2830
2499 3852
2499 7734
2500 2623
2501 7570
2502 6334
2502 6584
2502 8707
2503 6030
2503 6690
2503 7869
2504 2506
2504 4093
2504 5734
2505 4407
2505 8773
2505 9006
2506 3270
2506 4543
2506 9575
2506 9994
2507 4161
2508 3582
2508 6300
2508 9186
2509 5360
2510 4607
2514 2651
2514 2795
2514 4341
2515 6033
2516 3328
2516 3487
2517 7743
2520 6326
2520 7121
2521 3554
2521 3973
2521 4556
2521 8813
2522 4925
2522 7017
2523 3381
2524 3234
2524 4399
2524 5396
2525 2787
2526 2607
2526 4273
2526 5408
2527 2759
2527 3085
2527 4967
2527 6024
2527 6143
2527 6486
2528 3825
2529 2571
2529 2644
2530 9525
2531 3070
2531 5217
2532 6062
2533 3115
2533 3139
2533 9123
2534 3241
2534 3720
2534 4797
2534 5133
2535 3822
2538 2642
2538 2932
2538 8376
2538 9893
2539 4743
2539 8667
2542 2724
2542 3442
2542 5974
2542 6028
2543 3100
2543 5146
2543 6150
2543 9316
2544 3385
2545 4309
2545 5168
2546 3988
2546 6310
2547 2951
2548 3185
2549 6092
2549 6675
2549 8099
2550 8024
2551 2859
2551 5834
2551 6879
2552 3024
2552 9729
2553 5100
2555 3154
2555 3714
2555 6732
2555 7529
2556 3051
2558 3621
2559 4703
2559 5841
2561 3117
2561 7631
2562 2900
2562 3428
2562 5632
2563 2829
2564 5109
2564 5695
2564 7237
2565 2626
2565 3525
2565 6918
2566 2666
2566 3623
2566 7825
2567 7242
2569 2895
2569 5419
2570 2701
2570 7148
2571 3715
2572 5023
2572 5764
2573 3309
2574 2693
2575 3174
2575 8400
2576 4660
2577 4098
2578 3092
2578 4102
2579 3074
2579 3303
2580 3463
2581 2603
2581 2824
2581 4004
2582 2643
2582 6154
2582 7797
2584 3596
2585 3203
2585 5375
2585 7070
2586 4755
2586 4806
2586 8429
2591 4345
2592 4231
2592 4805
2592 8522
2595 8631
2595 9461
2598 5592
2599 3239
2600 2784
2600 9430
2601 6686
2601 7345
2602 3056
2602 7119
2602 8760
2605 4777
2605 5522
2607 8422
2608 5057
2610 9248
2612 4046
2613 3209
2614 3310
2614 5777
2615 2882
2615 9153
2616 7132
2617 9987
2618 7425
2620 3099
2620 4174
2620 4959
2621 5606
2621 5823
2621 6490
2622 9781
2623 4072
2624 7459
2625 2967
2627 7177
2628 3217
2628 3353
2628 3468
2630 8140
2630 9243
2631 5450
2632 5399
2633 3674
2633 5837
2633 8583
2633 8656
2634 5866
2634 5871
2636 3089
2638 4119
2638 5878
2639 2839
2639 2849
2639 4091
2640 4117
2641 5973
2641 6428
2642 4749
2642 5495
2642 6157
2643 4362
2644 2667
2644 4020
2645 6164
2645 8722
2645 9621
2646 2823
2646 6483
2646 7910
2647 6016
2647 9189
2649 5138
2649 6637
2650 5693
2651 4286
2651 5183
2653 3781
2654 2966
2654 5763
2655 5310
2655 6106
2656 6888
2658 4237
2658 7040
2658 9370
2660 8447
2661 3060
2662 6905
2662 8040
2663 4495
2663 7160
2664 5405
2664 5703
2664 7163
2666 3067
2666 4503
2669 2734
2669 5163
2669 6382
2671 7852
2672 8186
2673 4045
2674 4451
2675 3365
2676 5443
2677 5187
2678 5210
2680 6168
2682 5000
2683 6807
2683 7309
2684 2881
2684 6925
2686 4877
2686 8883
2688 5812
2690 7789
2691 4670
2691 6360
2691 7466
2693 4149
2695 3000
2695 3466
2696 6044
2696 8834
2697 5783
2699 3552
2700 3472
2700 3834
2700 9824
2704 2969
2706 3030
2706 3329
2707 2773
2707 5334
2709 4446
2710 2863
2710 5746
2711 3382
2713 7486
2714 3194
2715 9690
2716 3434
2716 5716
2717 3637
2718 3009
2719 2994
2720 3501
2720 7780
2721 4151
2723 4997
2725 5390
2725 8059
2726 3570
2726 3732
2729 7999
2730 3042
2730 6441
2731 2797
2732 3127
2732 3875
2733 4176
2734 8486
2736 3871
2737 4475
2738 3090
2740 3795
2742 5126
2743 3447
2744 8730
2745 7659
2747 2919
2747 5629
2748 4049
2748 6725
2748 7111
2749 3622
2749 5874
2750 4124
2751 5173
2751 9972
2752 7524
2754 2941
2754 3868
2754 6070
2755 5978
2755 8605
2756 2862
2756 5997
2756 9431
2757 8195
2758 3288
2758 5682
2759 2848
2759 3599
2760 3141
2762 3403
2762 4332
2762 5562
2763 4720
2763 5143
2765 2875
2766 6435
2768 8272
2770 3987
2770 5024
2771 3120
2772 5742
2774 4936
2774 6304
2775 7318
2776 2853
2778 7268
2778 9640
2779 8409
2780 5481
2781 4026
2781 8674
2782 3373
2782 4861
2782 7839
2783 9907
2784 3325
2784 4140
2785 5493
2786 4509
2788 6089
2789 7103
2790 6221
2790 6271
2793 5911
2794 3607
2794 4908
2796 2877
2796 9386
2797 3833
2798 8216
2800 5273
2800 8279
2800 8669
2801 4299
2802 3228
2802 4691
2803 3499
2803 6242
2803 6623
2803 7957
2804 6680
2805 3530
2805 4123
2806 3459
2806 3677
2806 4429
2806 5584
2807 6561
2812 3263
2813 5470
2814 5148
2815 8735
2817 3768
2817 5570
2818 3173
2819 2878
2819 6390
2819 7089
2820 5722
2821 5533
2823 4984
2825 3541
2825 8002
2826 6630
2828 8647
2829 6344
2830 5494
2831 7286
2832 7900
2833 4827
2833 7232
2833 7842
2834 4462
2835 7265
2836 3752
2837 3896
2837 4398
2838 3663
2839 5185
2839 5281
2840 3133
2840 4825
2840 6930
2842 7455
2842 8866
2843 4050
2843 7391
2844 4926
2844 5696
2845 4719
2846 9745
2847 3751
2849 9803
2851 5341
2852 6676
2855 5700
2856 4182
2856 5032
2858 5179
2858 9753
2859 6255
2859 7344
2859 9145
2862 6252
2863 3231
2863 4489
2864 3027
2864 6595
2865 9736
2866 7544
2869 3425
2869 4870
2870 2963
2871 3186
2872 6824
2874 3302
2874 7934
2875 3657
2875 9644
2876 2921
2876 4039
2878 3572
2878 3606
2878 8392
2878 9292
2879 5268
2881 6283
2881 6519
2882 5912
2883 3874
2884 5600
2885 5046
2885 5709
2886 3057
2887 3244
2887 3716
2887 9940
2888 3859
2889 7315
2889 9373
2890 3591
2891 4957
2891 9779
2892 3112
2893 5244
2894 6772
2894 9340
2895 5676
2897 4234
2898 5280
2898 8515
2902 5254
2903 6652
2904 3331
2904 8901
2908 3226
2910 5080
2910 6264
2910 8360
2911 4271
2911 4914
2911 6502
2912 4401
2912 7978
2912 8108
2912 8230
2913 2955
2913 4417
2913 4469
2913 4493
2914 8250
2915 3435
2915 4256
2915 4637
2916 4517
2917 6692
2918 6765
2922 6986
2923 3920
2923 4034
2924 5902
2928 7998
2929 5604
2930 4219
2930 6057
2932 4187
2933 5094
2933 6654
2934 4201
2936 8330
2937 8390
2938 4584
2938 4896
2938 8317
2939 3791
2939 5392
2941 4127
2941 7803
2943 3906
2943 8786
2944 4767
2945 8977
2946 4168
2950 3344
2950 3673
2951 3125
2952 7461
2953 6914
2953 9136
2954 5611
2955 3832
2957 4012
2957 5525
2957 6238
2958 3237
2960 6001
2965 3343
2965 3549
2966 3882
2966 4666
2966 5586
2968 3730
2968 5479
2970 4215
2970 4727
2970 5768
2971 8732
2972 3218
2973 4943
2973 9855
2975 4105
2975 9133
2975 9179
2976 3594
2976 3861
2976 9610
2977 3928
2977 7362
2978 3452
2979 3801
2979 3888
2979 6384
2979 7467
2981 3410
2983 8717
2984 4330
2985 3320
2987 3084
2987 3653
2987 4007
2987 9585
2989 3697
2989 8203
2991 4519
2991 4622
2991 8599
2992 9423
2994 5759
2994 6926
2995 5795
2995 6842
2996 3542
2996 3958
2996 9052
2997 5087
2997 9694
2998 7866
3003 6259
3004 8750
3006 7192
3007 6616
3007 8607
3008 9889
3009 4940
3015 9923
3017 3219
3017 3235
3018 9088
3020 5576
3021 3346
3022 3886
3022 6127
3022 8858
3023 3116
3023 4961
3026 7037
3027 4068
3027 8073
3028 3225
3028 8117
3029 5219
3029 5290
3033 4059
3033 6349
3035 3065
3036 3150
3036 6727
3037 4079
3038 3396
3038 5851
3038 5880
3039 3609
3039 4965
3040 5868
3042 3143
3042 4259
3042 5035
3042 5312
3042 6042
3042 6809
3047 7541
3049 3498
3049 4613
3051 4438
3052 3531
3052 3709
3052 4883
3052 5717
3055 3845
3056 3232
3056 3386
3056 9379
3057 4240
3057 5245
3057 7889
3057 8119
3057 9835
3058 6450
3059 4190
3059 4589
3059 7837
3059 8570
3061 3879
3061 8456
3062 3316
3062 7966
3063 5872
3065 4280
3065 5112
3065 5227
3066 4206
3070 3509
3070 4529
3071 6203
3072 6206
3073 3379
3073 5896
3074 4873
3074 8581
3074 9054
3075 4575
3076 4945
3076 7117
3077 8733
3078 3096
3078 4287
3078 8320
3079 7927
3080 8368
3084 4138
3085 4101
3085 8913
3086 7010
3087 3377
3087 4759
3087 5477
3087 6586
3089 4634
3091 3545
3092 3221
3092 5128
3093 3220
3093 8438
3095 6615
3096 4840
3096 6848
3096 7039
3097 3972
3099 3701
3099 5253
3100 4772
3100 5190
3100 6530
3101 5618
3102 4118
3102 4978
3103 4580
3103 8189
3104 6538
3104 7594
3105 5910
3105 9955
3107 5160
3107 7964
3107 9910
3108 3811
3108 7034
3108 7543
3109 4632
3110 6000
3112 9716
3113 3181
3113 8168
3120 6579
3120 8371
3121 4502
3122 6355
3122 8394
3123 5596
3124 5367
3126 3188
3126 3743
3126 5043
3126 5760
3126 6182
3126 7623
3127 4633
3127 5535
3128 9257
3129 5621
3130 3273
3132 9925
3133 3762
3133 6640
3134 4319
3134 4986
3134 9342
3135 4920
3135 7155
3137 5008
3138 3905
3138 5082
3140 4901
3140 9904
3141 3362
3141 4701
3141 6657
3141 8366
3142 3405
3142 5719
3144 3503
3144 5847
3144 8082
3145 5233
3145 5425
3146 4019
3146 4058
3146 4871
3147 4638
3147 7931
3148 4167
3151 5053
3151 9347
3152 4770
3154 4810
3155 6397
3155 6478
3155 9814
3156 4257
3156 7721
3156 8778
3158 4077
3158 7671
3159 3444
3160 6663
3161 4891
3163 3424
3163 3467
3163 4141
3165 5844
3165 8142
3167 7897
3168 4712
3168 5780
3173 3515
3173 4074
3174 4791
3175 4560
3175 9856
3176 4087
3178 6827
3181 4037
3181 7588
3181 9765
3181 9802
3182 4733
3183 5261
3185 3393
3186 6219
3186 6317
3187 6919
3187 7007
3189 3566
3189 8312
3190 4126
3190 5004
3191 4742
3191 8475
3192 3999
3192 5620
3193 3770
3193 4648
3197 5555
3198 3292
3198 8417
3200 7700
3201 6722
3201 7171
3202 4014
3202 5260
3205 5192
3206 4306
3207 5006
3207 6945
3208 5263
3208 9913
3209 7870
3210 7426
3211 4040
3211 7314
3211 8261
3213 3352
3215 7679
3215 8681
3216 6386
3216 9152
3217 3943
3219 3567
3220 4910
3220 5546
3220 6381
3221 4070
3222 3685
3223 3658
3223 6138
3224 7708
3225 6497
3226 5624
3227 3522
3227 6130
3227 7084
3229 3979
3229 4135
3229 6110
3231 4788
3231 8401
3232 9617
3233 4032
3235 4292
3235 4415
3236 3374
3236 3556
3236 8214
3240 5598
3241 3332
3241 7901
3242 7628
3246 4266
3247 4466
3248 5704
3251 7729
3251 8444
3252 3945
3252 6698
3253 4125
3253 5938
3253 6370
3257 7005
3258 5132
3258 5799
3258 7600
3259 7475
3261 7364
3262 5117
3262 5558
3264 4216
3264 4510
3265 4116
3265 5223
3265 5518
3266 6455
3267 9082
3268 4532
3270 7450
3271 6504
3271 9873
3273 4193
3273 9584
3274 3975
3274 6549
3275 6942
3277 5925
3278 6668
3279 8311
3280 6896
3280 9890
3281 8697
3282 3790
3284 6635
3284 6671
3285 4264
3286 3436
3286 7722
3288 5457
3288 9816
3290 3460
3290 5234
3290 7785
3290 7829
3291 4935
3291 7464
3291 9546
3293 7031
3294 4153
3294 5662
3294 8122
3295 6836
3295 7735
3295 9122
3296 4555
3297 4169
3298 7252
3300 5928
3301 5333
3304 8782
3305 5656
3306 3317
3306 6076
3307 3817
3308 8328
3309 6122
3309 8004
3310 6840
3311 3477
3311 5869
3311 6702
3311 6979
3311 8350
3312 7634
3313 5409
3313 6234
3314 6233
3315 8986
3319 5090
3319 8388
3323 4200
3324 3919
3325 5001
3325 6179
3327 5937
3327 8105
3328 3810
3328 9298
3330 5478
3331 3389
3331 3611
3331 5471
3332 8134
3332 9684
3333 5124
3335 7693
3337 8904
3339 8034
3341 3981
3346 4838
3346 6934
3348 3414
3350 9901
3351 6741
3351 8240
3352 5840
3352 6474
3353 4262
3354 3440
3354 4688
3355 4675
3355 6518
3355 7924
3356 6241
3356 6251
3358 3706
3360 6193
3360 7292
3362 3419
3364 3573
3365 5778
3366 4368
3366 6201
3367 4120
3367 6027
3368 5092
3368 6147
3369 7542
3371 8181
3372 8863
3373 4006
3374 9806
3375 4084
3376 3641
3376 3935
3376 8183
3376 8652
3378 4374
3379 4122
3379 4982
3380 3679
3380 6362
3381 9696
3382 4822
3382 7952
3384 3523
3385 5920
3386 4863
3388 4486
3389 3804
3391 7213
3391 9884
3393 4044
3394 6395
3394 8069
3394 9956
3395 9313
3398 3443
3398 8951
3400 4786
3400 5498
3400 6670
3401 4548
3401 7142
3402 7165
3403 8386
3404 9847
3405 9127
3406 5530
3408 6393
3408 6517
3410 5379
3410 7816
3410 9400
3411 7690
3412 3593
3413 7146
3413 8441
3414 4606
3414 4684
3416 3923
3417 4937
3419 3486
3420 3836
3421 3850
3421 4693
3421 5669
3424 7020
3425 8339
3426 3441
3426 3991
3427 4441
3427 4907
3428 4303
3428 4506
3428 5725
3428 6985
3428 7592
3428 7955
3430 4444
3430 4728
3431 6243
3432 3626
3433 6327
3433 6826
3434 3605
3435 8113
3435 8253
3436 5011
3439 5378
3439 7973
3440 3695
3441 7297
3442 3892
3443 9919
3444 6311
3444 8288
3445 8038
3446 8479
3448 3506
3448 9070
3451 8222
3451 9712
3452 4334
3453 6108
3460 5889
3461 4996
3462 4022
3462 4588
3462 8625
3464 3767
3464 7227
3467 8431
3469 3862
3469 9497
3470 6453
3471 8843
3473 3493
3473 5242
3474 6229
3474 9266
3475 4352
3476 4109
3479 5012
3480 7806
3481 9635
3482 5940
3485 7320
3486 3793
3488 6363
3488 8442
3488 8662
3489 4060
3490 7258
3490 7530
3490 8577
3491 3595
3493 4994
3493 6622
3494 4081
3494 7439
3495 4298
3496 4765
3496 8721
3498 4951
3498 7932
3503 4337
3504 8192
3505 3689
3505 9029
3506 4067
3507 4782
3508 4291
3509 5846
3509 7702
3512 6553
3512 9343
3514 4327
3514 4650
3516 4885
3516 9183
3517 3927
3518 7505
3518 7823
3518 8030
3520 4048
3520 7670
3521 4636
3521 8881
3522 3819
3523 3814
3523 5848
3525 3887
3527 6556
3527 8644
3527 9165
3530 5660
3531 7302
3531 8460
3531 9597
3532 4393
3532 5377
3533 6101
3533 9297
3534 9468
3535 5563
3537 4735
3537 8559
3542 6588
3543 4739
3543 6712
3544 3765
3544 5483
3544 6932
3544 9944
3545 8448
3546 4902
3547 7307
3547 7906
3549 3965
3550 9605
3553 6743
3557 5899
3557 6134
3557 7199
3557 8582
3559 3946
3560 9970
3562 3692
3563 7416
3565 3578
3565 8565
3567 3916
3568 7083
3568 8612
3569 4449
3569 4537
3569 7764
3570 7763
3570 9503
3570 9966
3570 9986
3572 7187
3573 5509
3573 5708
3574 7073
3575 6034
3575 7705
3577 6279
3578 4107
3578 6958
3580 6946
3580 8777
3581 7095
3582 9117
3583 6567
3585 9596
3589 7880
3590 4192
3591 4434
3591 5972
3592 7894
3592 9230
3593 6563
3595 5501
3595 9991
3596 7565
3598 6425
3601 4784
3602 8206
3603 4559
3604 3786
3605 5545
3606 4458
3606 7532
3609 8013
3609 9103
3610 5178
3611 9797
3613 3789
3614 8260
3616 6950
3616 8864
3617 4573
3619 4054
3620 5337
3621 9015
3622 5330
3623 4089
3625 5963
3627 8793
3628 5135
3628 5212
3628 7509
3629 4137
3629 4577
3630 7974
3631 4534
3631 5193
3631 7794
3632 4453
3633 7082
3634 6226
3635 4821
3637 4761
3637 9194
3638 4630
3638 5842
3638 8427
3639 5996
3639 7601
3639 9550
3641 5469
3641 5707
3641 6010
3643 4253
3643 7674
3644 4698
3647 6186
3648 9509
3649 4009
3651 4136
3651 7076
3652 4455
3653 7725
3656 5927
3656 7503
3656 7587
3657 5068
3657 9275
3659 5751
3660 3708
3661 4211
3661 5781
3661 8100
3662 9338
3664 6993
3666 5172
3666 8862
3668 5150
3669 3851
3670 6289
3672 4970
3672 5343
3675 7257
3675 7737
3676 9241
3677 6728
3679 4745
3680 3823
3680 9634
3681 3753
3681 4644
3682 5890
3683 4023
3683 4103
3683 5484
3683 9885
3685 7214
3686 4115
3686 4815
3686 6655
3686 7609
3687 5380
3688 7501
3689 5968
3690 7319
3690 9277
3691 4324
3691 6591
3692 4695
3692 8884
3693 9791
3694 9433
3695 6939
3696 3754
3698 4494
3699 6631
3700 9159
3701 6055
3702 4024
3702 4065
3702 6023
3702 8041
3703 5810
3706 4508
3708 3885
3710 5272
3710 9908
3713 6823
3715 4382
3715 5820
3715 7720
3716 6991
3717 5959
3717 6898
3719 7127
3719 9939
3720 8072
3721 3860
3721 5145
3721 7965
3722 8775
3724 6418
3725 5468
3725 5771
3725 7441
3728 5723
3729 5543
3731 4159
3731 5720
3732 4586
3733 9124
3734 4358
3736 6078
3737 4400
3738 8285
3740 5827
3740 7892
3742 5198
3742 7626
3743 5796
3744 5885
3745 9568
3746 4707
3749 8355
3750 6647
3750 7560
3751 7183
3751 7876
3752 5615
3754 6297
3760 6158
3760 8359
3761 6776
3762 8564
3764 4465
3764 6881
3764 8467
3768 4385
3768 6354
3768 8124
3769 3841
3769 4796
3770 7716
3771 6580
3774 3891
3774 3895
3775 4436
3775 6237
3776 4090
3776 5318
3776 5675
3778 6697
3779 5021
3779 7412
3779 7940
3781 8617
3784 7463
3786 4175
3786 8693
3787 5207
3787 5416
3787 7003
3788 9916
3789 6399
3791 4515
3791 9580
3793 4405
3793 9459
3794 4887
3797 7405
3798 4343
3799 5428
3800 5020
3800 8466
3801 4620
3802 5467
3802 6211
3802 9579
3803 6540
3805 5026
3811 4669
3811 7498
3811 8208
3815 5052
3815 7238
3819 4316
3819 6597
3819 6724
3819 9947
3823 5098
3824 3998
3824 4277
3824 5577
3824 6067
3825 4924
3826 7717
3827 7760
3827 8391
3827 9212
3829 4835
3832 6550
3833 4769
3833 8650
3834 4522
3834 5897
3834 7684
3835 5631
3835 7566
3835 9563
3840 4142
3841 7507
3842 6111
3843 9146
3844 6222
3844 8029
3844 8482
3845 4210
3845 4958
3846 4179
3846 4813
3846 5003
3846 5421
3846 7241
3847 4609
3847 6333
3849 4731
3849 4802
3849 7465
3850 8221
3851 3948
3851 4412
3851 8476
3852 6551
3852 6900
3853 4274
3853 4977
3858 3869
3859 5259
3860 3918
3860 8521
3861 7008
3863 4247
3863 5099
3863 6510
3864 3865
3866 9080
3868 4308
3868 8163
3870 5829
3870 8657
3871 4658
3872 5350
3872 9125
3874 5933
3874 7938
3876 9235
3877 5307
3877 9759
3878 5917
3878 8641
3878 9361
3880 4238
3880 4741
3880 6410
3880 8162
3881 4100
3882 8714
3884 4626
3886 4422
3886 5322
3886 9094
3886 9669
3887 4355
3889 3938
3889 9237
3890 6364
3893 4028
3893 7419
3897 5987
3898 9564
3898 9574
3899 6045
3900 4530
3900 6913
3901 4484
3901 8191
3902 6955
3903 6704
3904 4681
3904 5440
3905 4442
3907 6749
3908 8174
3910 4440
3910 6258
3912 5418
3912 9280
3913 6990
3915 5422
3915 6944
3915 8618
3919 5957
3920 4884
3921 5200
3922 5565
3923 3957
3923 8918
3923 9494
3924 7036
3925 6415
3928 7260
3929 4243
3929 4583
3929 7219
3930 5830
3930 6493
3930 7712
3931 4314
3931 4576
3932 4912
3932 6457
3932 8372
3936 5344
3937 7798
3939 6047
3939 9217
3941 5756
3942 8042
3943 9365
3945 4713
3946 4900
3946 8587
3947 5171
3949 8959
3950 4311
3950 4554
3951 4171
3952 4177
3952 6205
3952 7741
3953 6651
3954 5255
3957 5737
3957 7021
3958 7074
3958 7838
3960 9358
3961 4523
3962 6814
3963 8037
3963 8159
3967 7680
3969 6094
3969 6825
3970 6839
3970 7624
3971 7158
3971 8754
3972 4597
3972 5791
3973 5228
3975 8502
3977 6479
3978 5574
3979 5270
3982 8756
3983 6964
3984 4866
3984 5661
3984 6216
3985 5265
3985 7559
3987 8991
3988 5108
3988 7009
3990 4708
3990 7059
3991 4145
3993 9709
3994 4881
3994 8384
3995 5635
3995 9426
3997 6858
3997 7126
3997 8347
4001 5779
4001 6170
4001 6594
4005 9157
4005 9988
4008 4740
4008 9577
4010 4550
4012 5859
4015 5303
4017 4704
4018 4331
4020 6511
4020 9861
4021 6135
4024 7833
4025 9569
4029 8572
4030 5891
4031 5585
4031 6708
4031 7196
4032 6745
4034 5858
4035 4771
4036 4859
4036 5299
4036 7799
4036 8411
4037 7747
4038 7877
4038 9059
4041 4851
4041 8916
4043 9643
4044 5340
4044 8365
4044 9993
4046 7141
4046 7382
4046 8070
4046 9770
4048 7791
4048 9069
4050 5384
4050 5792
4053 5845
4054 6172
4054 8549
4056 6788
4059 9231
4061 5222
4062 9270
4063 5918
4064 4918
4065 8626
4067 7262
4069 4753
4069 7787
4072 4209
4074 5151
4074 8424
4076 4683
4076 5865
4077 7593
4077 8906
4077 9233
4077 9599
4078 4491
4080 8941
4081 9731
4082 5118
4083 8354
4083 8764
4084 8805
4085 8836
4085 8931
4086 4099
4086 7485
4087 4581
4087 6345
4087 8897
4088 7110
4088 9695
4089 8036
4090 7035
4091 5541
4091 9134
4092 7398
4094 7508
4094 9774
4095 5579
4097 5488
4097 9516
4098 4816
4100 4794
4104 4170
4104 7824
4106 5060
4108 4114
4108 4664
4108 6880
4109 9832
4111 6263
4112 5002
4116 6422
4118 9481
4121 4582
4121 5939
4122 6568
4123 8619
4124 6181
4127 5346
4127 6961
4128 8198
4129 7617
4131 9451
4132 7018
4135 5626
4136 4553
4136 4639
4138 5013
4142 5948
4143 4236
4143 8624
4144 7381
4146 6443
4146 9044
4146 9730
4148 4754
4149 7537
4150 4244
4150 4432
4151 7890
4152 8779
4153 6789
4153 8934
4153 9850
4154 4252
4156 8205
4157 4973
4161 4547
4161 4642
4161 6521
4162 8129
4164 7184
4164 9838
4167 8780
4168 8190
4169 6802
4169 7981
4170 9099
4172 5313
4172 6444
4173 6308
4176 6912
4177 5821
4179 4757
4182 4511
4183 8963
4184 4294
4186 9073
4187 4270
4187 6402
4189 9238
4190 6923
4191 5042
4191 7347
4192 4734
4192 9673
4194 6414
4196 5503
4196 5967
4198 6976
4199 7295
4199 7317
4200 6498
4201 4227
4201 7779
4201 9666
4202 4408
4202 7033
4204 5220
4206 9119
4206 9253
4209 4278
4209 5491
4209 5520
4211 9905
4212 5064
4214 6322
4214 7067
4215 5587
4216 4623
4216 5726
4216 7340
4217 9058
4218 4993
4218 9272
4220 6488
4220 6902
4220 9887
4221 7986
4222 4568
4222 7864
4223 4601
4225 4832
4225 8131
4226 6391
4226 8251
4227 4359
4228 5753
4229 4989
4230 5609
4232 5882
4234 5572
4234 8109
4235 4569
4235 5451
4235 6231
4235 6782
4237 6603
4238 4819
4239 4463
4239 6458
4243 8512
4244 6096
4244 6159
4245 7229
4246 5316
4249 4373
4249 4461
4249 8602
4253 7742
4254 5326
4254 6204
4255 4724
4255 5437
4255 6015
4255 7648
4258 5785
4263 5833
4263 8757
4267 8397
4268 9750
4270 4705
4271 4804
4272 7547
4273 4808
4273 9139
4274 8468
4275 7223
4277 5373
4277 7758
4278 4356
4278 6235
4281 4694
4283 5552
4284 9377
4286 4413
4286 4443
4286 5041
4286 5320
4289 7327
4292 5361
4292 5452
4292 6868
4293 9240
4295 4849
4297 5617
4298 6093
4298 6451
4298 9439
4303 4481
4303 8655
4304 8252
4305 4564
4305 4875
4305 7660
4307 7943
4312 8067
4312 9354
4313 7071
4314 9369
4315 5678
4315 9943
4316 4913
4317 5401
4318 4596
4320 7442
4321 7904
4322 5909
4323 4836
4325 6066
4328 4538
4328 6492
4328 9501
4328 9681
4329 5221
4329 5496
4329 7355
4330 7822
4332 6456
4332 7468
4332 9502
4333 5291
4333 6915
4333 9335
4334 6208
4335 8699
4336 5188
4336 5970
4336 7413
4338 5924
4341 9396
4343 8533
4343 9166
4344 7104
4345 4384
4345 7692
4346 9609
4346 9817
4347 7305
4347 9864
4351 4944
4353 7399
4354 5931
4354 9402
4355 8264
4359 6077
4361 9742
4363 8850
4366 8404
4369 4941
4371 5537
4371 8405
4372 9480
4372 9924
4373 4387
4373 7960
4374 5424
4374 6576
4374 6606
4377 5532
4378 7607
4378 9196
4381 8375
4382 9732
4384 5184
4384 7218
4388 4963
4388 5582
4388 8412
4390 6736
4391 5802
4391 7053
4393 7989
4394 7129
4395 6626
4399 5619
4399 6239
4400 5568
4400 6869
4400 7975
4402 4656
4402 8683
4403 8137
4405 5529
4406 5735
4407 5086
4407 5473
4407 9287
4407 9683
4408 7633
4409 6783
4411 8098
4412 8008
4414 4593
4414 5027
4416 6512
4417 4856
4417 6192
4422 5277
4422 7746
4423 4602
4423 4865
4424 5305
4424 8492
4428 5007
4429 4668
4430 6374
4431 6069
4431 7980
4433 5817
4434 5009
4436 9413
4440 4527
4440 4841
4442 8437
4443 5374
4443 6316
4444 5731
4444 9552
4445 7795
4445 8380
4447 9504
4447 9559
4450 5169
4455 9717
4458 4599
4458 5301
4458 5583
4458 6795
4458 8289
4459 8761
4461 7754
4462 4950
4462 6940
4462 8550
4463 8839
4468 9090
4469 7549
4470 6336
4471 5182
4472 6209
4472 9306
4473 7470
4474 5158
4475 4558
4476 9619
4479 5157
4479 7539
4481 5721
4483 4828
4484 6821
4485 5351
4485 5461
4485 5982
4487 6543
4488 5671
4489 4667
4491 5271
4491 6928
4491 9107
4492 5415
4494 5766
4497 4934
4498 9630
4500 4789
4500 5445
4503 9576
4504 6058
4504 8584
4506 4604
4509 5292
4510 5194
4510 5593
4510 6696
4510 9954
4511 5014
4512 5688
4514 9000
4515 9532
4516 4903
4517 9142
4519 5215
4520 6500
4521 4535
4524 5699
4524 7868
4525 4848
4525 7044
4528 8209
4528 8877
4529 6056
4530 5482
4530 8484
4531 6861
4531 7472
4531 8946
4531 9425
4531 9698
4532 7092
4533 5862
4533 8665
4534 6446
4534 7701
4536 4718
4536 5655
4536 7432
4537 5769
4539 6555
4540 7138
4544 8313
4547 5365
4547 7909
4548 7387
4549 6532
4550 5229
4551 5430
4552 6292
4552 7329
4552 7446
4553 8050
4553 8860
4555 4966
4556 6006
4558 4730
4559 7203
4560 5214
4560 9896
4561 5852
4561 8065
4563 8007
4564 6796
4565 4578
4567 7349
4569 7267
4570 4717
4571 5081
4571 5226
4571 9879
4572 9656
4573 6257
4575 9642
4576 7290
4577 5578
4580 6528
4580 6790
4580 9775
4581 5256
4582 8345
4586 8003
4587 4895
4589 4919
4589 8591
4590 4654
4591 4665
4591 9208
4592 6261
4594 8080
4595 4710
4595 9812
4597 5683
4599 5394
4601 6718
4601 7926
4602 4894
4604 6198
4607 5638
4608 8326
4609 7688
4610 6833
4614 5453
4614 5603
4614 6583
4615 9872
4616 8734
4617 7409
4618 5204
4619 8546
4621 7691
4622 6669
4625 5300
4625 6372
4625 7201
4627 5335
4627 6097
4629 8825
4631 6452
4632 8087
4633 4682
4633 5104
4634 4915
4635 5203
4636 4657
4638 7848
4639 7115
4640 5986
4640 8726
4641 5423
4642 8053
4644 5990
4645 4778
4646 7164
4649 5314
4649 9309
4650 7663
4652 4726
4653 9827
4656 6792
4657 6051
4659 9676
4660 4949
4661 4844
4664 5062
4664 5919
4666 6744
4667 6590
4667 8284
4667 8435
4671 5072
4671 5714
4671 7279
4674 4785
4675 6155
4676 4872
4677 4876
4678 8226
4680 7652
4680 9168
4682 6084
4682 8937
4683 6025
4684 6501
4685 6522
4686 5932
4686 9410
4687 9701
4689 9068
4690 8763
4692 4792
4692 6035
4694 4776
4696 5648
4696 6332
4696 7968
4697 8711
4698 5054
4705 7709
4705 8236
4708 6380
4708 7629
4712 4732
4715 8160
4715 9388
4719 9842
4721 8472
4724 5644
4724 6276
4725 7012
4729 5549
4730 5944
4731 9143
4739 8393
4739 9412
4740 7311
4740 9149
4741 6053
4742 4897
4742 9822
4743 6275
4744 6470
4747 6575
4748 9833
4750 5459
4753 7907
4753 8826
4755 4892
4756 7856
4759 5328
4762 7263
4762 9543
4763 7522
4764 6082
4765 9719
4766 5388
4768 7065
4769 4829
4769 7936
4771 6269
4772 5045
4772 5747
4773 5489
4776 8356
4777 4817
4778 5637
4779 8364
4781 6831
4781 9865
4782 9307
4788 6008
4789 7143
4792 8237
4792 8920
4794 6083
4797 5142
4797 5952
4798 7949
4800 7646
4800 9188
4802 5447
4803 8341
4804 6351
4805 7460
4806 5276
4806 9967
4807 6128
4807 7134
4808 5684
4809 7352
4810 6828
4811 5659
4812 9668
4813 7784
4816 7178
4816 9751
4822 7948
4823 5787
4824 6406
4826 7719
4828 6009
4829 4888
4829 9734
4830 5559
4834 8821
4835 5329
4837 7563
4837 8306
4837 8633
4838 6899
4838 9821
4839 5666
4839 6228
4839 7850
4842 8961
4843 9104
4844 6427
4845 7639
4848 8835
4849 6113
4852 7914
4854 8962
4855 4952
4856 5793
4859 6688
4859 8670
4861 6007
4862 5211
4865 8771
4866 6124
4868 7859
4872 9811
4873 5293
4874 5317
4877 6256
4878 5567
4879 8035
4885 4990
4885 5368
4886 7136
4887 5580
4889 6369
4890 7653
4891 4909
4903 5748
4903 6454
4903 7558
4903 9261
4905 5161
4905 6329
4905 9761
4906 5803
4906 9746
4907 9118
4908 5605
4908 8571
4909 6290
4909 6953
4910 8544
4911 5275
4912 6411
4912 7873
4914 7341
4917 9120
4920 8686
4923 8871
4926 7149
4927 5441
4931 7248
4933 8048
4935 5249
4935 6199
4938 9796
4939 4987
4940 5325
4941 5243
4941 5875
4942 6365
4942 9372
4943 5079
4943 6653
4945 5123
4945 6784
4946 6853
4946 9403
4947 9067
4950 9740
4951 8227
4954 5640
4954 6503
4957 6048
4962 6734
4962 8611
4963 6367
4963 8896
4967 5519
4967 8000
4968 9485
4971 9929
4972 8516
4979 6639
4982 6542
4982 9399
4984 8193
4986 6641
4989 5991
4990 7614
4995 6733
4997 5510
4997 9317
4998 9283
5001 6707
5003 6071
5003 7840
5012 5776
5013 6813
5014 6307
5015 5362
5015 9946
5016 5639
5017 7179
5018 6872
5019 5895
5019 5975
5020 7120
5020 8291
5020 9969
5021 6489
5022 5860
5023 7448
5025 5331
5025 9492
5026 5121
5028 6884
5028 9167
5029 8465
5031 5926
5033 6341
5036 6041
5036 8001
5038 6644
5040 6996
5042 7739
5044 6664
5046 5120
5047 5338
5047 6545
5047 9818
5048 7210
5048 9567
5052 9273
5053 5105
5055 9457
5057 6218
5057 7694
5058 6433
5058 7608
5059 7343
5061 6421
5068 6187
5069 5943
5070 5369
5070 8694
5071 6210
5073 6748
5073 8878
5074 8021
5077 8661
5079 6038
5082 5623
5082 8832
5083 9562
5090 8348
5092 6273
5092 9141
5094 7093
5094 9301
5095 8066
5095 9202
5096 6694
5097 5983
5098 7161
5098 8926
5099 9834
5102 9357
5105 7765
5107 9914
5114 6190
5115 5357
5117 7853
5120 7415
5122 6613
5123 8255
5123 8846
5125 5246
5125 6845
5125 7386
5126 5366
5126 9997
5127 9670
5128 8309
5134 5436
5134 6018
5139 6305
5139 7887
5139 9990
5140 6207
5142 5258
5145 6485
5146 6629
5146 8123
5147 6729
5149 9534
5151 8499
5153 6954
5157 7561
5157 9422
5158 5398
5158 5505
5159 6476
5160 7395
5160 7430
5163 6988
5163 7917
5164 5679
5164 6963
5164 7510
5164 7942
5165 6073
5165 7805
5166 7358
5168 8111
5169 5886
5171 8659
5173 6224
5174 5749
5175 8219
5179 8769
5179 9647
5180 7496
5182 6359
5182 9755
5183 7827
5183 8532
5183 9271
5185 7676
5187 7867
5188 8436
5189 5960
5189 7001
5189 8915
5190 8005
5191 6618
5192 7336
5194 6312
5203 6601
5203 6805
5204 5531
5205 7246
5207 5954
5209 7718
5210 5597
5212 5729
5214 5697
5217 5463
5218 7902
5218 8765
5220 8274
5220 9974
5221 7950
5222 5610
5223 5809
5224 6465
5224 9641
5224 9989
5226 5979
5228 9927
5230 5670
5232 6559
5232 6605
5234 5903
5234 7767
5235 9105
5236 6621
5239 8439
5240 8698
5241 6536
5242 5922
5245 8413
5246 9140
5247 5410
5247 5930
5252 8999
5262 5371
5263 6481
5263 6515
5263 6883
5263 9739
5263 9983
5268 6394
5270 5382
5272 6935
5274 9454
5275 9507
5276 6864
5277 6325
5277 8689
5282 7373
5283 6477
5283 6865
5284 5838
5289 7992
5290 6408
5291 5304
5291 6195
5291 6200
5292 7962
5294 8922
5295 7096
5297 7056
5298 7170
5300 9041
5303 9478
5304 8167
5304 8517
5311 5690
5312 6850
5317 6602
5318 9184
5322 7687
5328 8202
5329 5397
5329 5633
5331 5564
5331 5594
5333 5474
5337 6301
5338 6348
5339 7564
5340 7392
5341 5673
5342 9978
5344 5808
5346 5575
5346 7281
5353 8303
5356 5750
5357 6726
5357 7494
5359 7453
5360 6793
5365 5772
5365 6679
5366 6806
5370 5513
5371 6750
5373 7370
5374 6856
5375 6959
5376 8621
5376 8815
5377 7832
5383 6573
5385 5462
5386 8329
5392 6447
5393 9023
5394 7632
5394 7792
5394 7885
5395 9158
5396 5435
5396 5705
5397 7140
5399 9353
5402 7985
5406 9035
5408 9911
5413 6499
5414 8270
5417 6687
5417 8663
5418 5906
5420 7048
5421 7182
5422 7918
5425 8138
5430 6142
5430 6426
5430 7793
5430 9154
5431 6703
5433 6891
5434 5647
5436 8927
5436 9616
5439 6980
5441 6409
5441 8965
5442 6400
5442 8523
5443 9320
5444 7375
5444 9191
5445 7157
5446 7024
5449 6751
5452 5805
5453 8562
5456 5550
5456 7812
5458 6068
5458 8789
5459 7847
5461 6153
5461 9382
5464 6214
5465 7333
5465 7921
5467 5953
5467 7283
5469 7139
5475 7133
5476 8425
5478 6247
5480 8088
5481 6118
5481 7749
5483 7428
5483 8875
5484 6088
5486 8865
5487 6877
5488 9175
5489 6544
5494 6798
5494 8101
5496 9009
5497 8269
5499 8751
5500 5962
5501 5650
5503 5542
5503 9097
5505 8541
5509 7351
5509 7821
5510 7912
5510 8970
5511 9215
5513 6133
5515 9362
5517 6800
5518 6609
5518 9130
5520 8457
5523 7736
5524 7618
5525 8807
5530 7436
5532 5804
5532 7380
5535 7523
5536 9286
5538 7810
5540 5988
5541 6404
5543 6646
5544 5590
5544 9773
5545 9528
5546 8852
5549 7715
5549 9456
5551 6236
5553 5718
5553 6730
5555 8265
5557 7569
5560 9618
5563 9295
5564 9771
5565 9285
5570 7421
5573 7757
5573 8258
5574 6607
5575 8606
5576 6648
5577 9312
5581 8928
5582 7497
5583 7272
5586 6123
5586 7410
5589 6306
5590 6378
5590 8560
5593 6032
5597 8151
5598 8132
5599 6843
5602 7054
5602 8615
5603 6933
5605 8933
5606 8416
5610 7087
5611 5762
5611 7099
5611 9809
5614 7728
5616 9795
5620 6342
5628 7128
5629 5995
5629 8471
5630 5901
5633 9187
5634 6002
5634 6309
5636 6405
5637 6706
5637 6859
5639 8997
5642 8964
5644 6003
5645 9227
5647 8336
5648 6968
5651 9249
5652 7066
5655 6683
5656 6091
5656 6537
5658 9815
5660 6104
5661 6011
5661 8254
5663 8790
5664 7424
5665 6449
5665 8654
5666 8708
5667 7484
5667 7673
5673 6761
5673 8056
5673 9922
5675 8960
5675 9111
5676 8506
5678 7844
5681 6596
5681 8509
5684 5822
5685 6927
5687 7301
5689 6431
5695 8446
5695 9093
5696 6894
5699 9715
5700 9479
5701 5856
5701 8629
5704 8543
5712 6389
5712 9813
5714 7016
5714 8487
5715 6090
5718 7204
5719 6324
5722 6267
5723 5981
5723 6165
5723 7313
5723 9484
5724 7145
5724 7622
5727 7872
5728 8423
5729 6628
5729 8639
5732 8993
5733 6313
5734 6026
5736 6509
5736 6970
5736 7361
5736 7491
5736 9318
5738 9938
5741 8886
5745 6060
5745 6645
5745 9790
5746 7753
5748 6589
5754 6514
5754 8921
5754 9207
5759 8383
5760 9589
5761 6436
5764 9197
5767 8500
5768 6632
5773 9138
5776 9323
5780 6987
5780 7440
5781 9632
5786 7946
5789 8740
5790 9836
5791 5854
5792 9915
5794 9419
5800 9572
5801 6112
5802 7707
5804 7801
5807 6248
5808 6700
5812 5816
5813 8146
5813 8770
5819 7457
5819 8277
5820 9903
5821 5984
5824 7499
5826 9857
5832 8300
5832 8520
5833 6506
5833 8370
5834 8334
5840 7502
5844 9636
5845 7188
5846 6742
5848 7371
5848 8996
5852 9106
5853 7154
5855 7478
5855 8534
5864 8474
5865 7294
5866 6720
5867 8768
5868 6762
5869 7665
5872 9766
5874 6013
5874 6469
5874 7656
5875 7951
5876 7435
5879 6578
5880 6581
5881 7636
5885 6463
5887 6903
5891 6981
5893 7886
5895 8295
5896 6878
5897 6633
5899 6867
5902 7194
5902 8055
5902 8854
5903 6535
5903 9299
5904 7060
5906 9252
5908 8335
5909 9512
5910 6941
5911 7713
5912 8310
5913 5946
5914 9074
5915 8538
5915 9558
5918 9555
5919 6587
5919 7266
5927 8841
5928 8593
5941 8540
5946 6022
5946 7947
5948 9333
5949 8979
5950 8630
5953 6213
5953 7417
5955 7606
5964 6472
5964 8725
5966 6152
5974 8573
5976 9979
5977 6266
5984 6156
5986 6328
5990 9216
5990 9894
5992 6520
5993 9686
5997 7474
5998 8133
5998 9036
5999 6420
5999 8267
6000 7176
6001 7495
6004 8811
6007 7022
6010 7625
6011 6791
6012 6554
6013 6770
6015 6468
6017 6176
6017 6338
6017 7276
6018 7808
6020 7261
6025 6141
6028 7513
6030 7790
6032 6876
6033 7874
6035 9606
6035 9611
6039 8687
6040 8801
6041 6466
6045 9442
6046 9201
6048 6177
6048 9500
6049 9975
6051 7240
6055 6398
6056 8060
6056 9931
6057 8224
6058 7321
6058 9631
6059 7002
6064 8818
6066 6681
6066 6816
6068 6638
6068 8256
6070 6148
6070 9892
6071 6403
6072 7857
6072 8566
6075 8276
6076 8947
6081 7647
6084 7374
6088 6656
6089 8995
6090 7711
6091 6240
6094 9725
6095 9420
6096 9200
6097 6754
6097 9162
6099 9406
6103 6330
6103 6689
6103 9859
6123 7250
6127 8271
6129 7813
6129 7919
6131 9788
6133 6442
6135 8808
6140 9926
6141 6270
6142 6215
6147 8211
6149 9308
6151 7651
6154 7011
6154 9274
6159 6984
6164 7979
6166 7696
6167 6288
6168 6666
6169 7714
6178 9032
6179 6965
6183 8462
6184 6731
6184 7908
6187 9804
6191 8196
6192 7804
6193 7113
6193 9113
6195 6710
6197 6548
6197 8643
6201 6619
6202 9026
6203 7677
6204 7130
6206 6376
6208 7293
6208 7456
6209 8880
6210 6801
6211 7678
6212 7114
6216 9038
6224 8327
6228 8781
6229 7014
6230 8649
6232 9345
6233 6413
6233 7433
6233 9645
6240 8052
6241 7335
6245 7296
6247 7723
6247 7786
6251 9825
6252 8729
6255 8340
6256 7939
6256 8161
6257 7745
6258 9351
6267 8305
6268 7032
6274 8017
6276 9288
6280 6907
6283 8758
6289 7051
6289 7306
6290 6906
6290 8178
6290 8229
6291 6412
6291 7706
6291 8613
6291 9060
6293 9021
6294 7777
6294 7836
6296 7704
6296 9056
6297 6997
6301 7233
6303 7536
6307 9520
6307 9902
6309 8704
6310 7751
6311 6711
6312 6911
6314 7394
6315 7304
6316 6917
6318 8234
6323 6738
6324 7243
6324 9829
6326 7397
6328 7338
6330 8743
6334 8816
6336 7337
6336 8823
6343 8385
6344 6781
6349 8776
6351 8738
6355 7831
6357 9112
6358 6634
6366 8028
6366 8990
6367 7062
6367 9936
6368 9348
6368 9397
6370 9626
6373 8731
6373 9181
6376 8363
6376 9531
6378 9674
6379 6887
6387 8114
6387 9496
6387 9554
6387 9583
6390 7531
6393 6572
6393 6854
6394 7174
6394 8450
6396 6753
6400 7520
6400 7538
6402 7075
6403 6574
6403 8720
6406 7788
6407 9886
6408 8503
6413 8709
6413 9095
6416 6496
6419 8238
6420 6461
6420 6897
6421 7555
6427 8408
6430 6562
6430 8092
6433 6480
6434 9109
6437 7881
6439 6739
6442 6667
6446 7591
6448 9010
6451 8358
6455 8799
6456 8410
6457 6889
6458 6599
6459 6604
6469 7954
6470 6531
6471 6627
6472 6777
6472 9633
6474 7598
6475 7173
6479 9171
6479 9810
6481 9436
6484 7642
6490 8407
6494 7289
6494 9432
6499 9001
6500 7861
6501 7118
6505 9909
6508 8223
6508 8343
6514 7404
6514 8719
6517 8794
6520 8680
6522 7396
6526 9170
6530 6885
6530 9735
6533 9371
6539 9707
6543 7898
6546 8179
6548 6571
6549 8684
6552 9891
6553 8044
6554 8071
6557 9581
6558 9677
6564 6756
6567 8419
6567 9961
6569 7551
6569 9768
6572 6746
6574 7580
6574 8795
6574 9046
6575 6983
6582 9928
6583 9693
6587 9254
6589 6829
6590 7190
6599 9547
6602 7085
6608 9311
6609 8737
6610 8974
6612 7326
6618 7027
6618 9098
6619 6755
6619 7080
6619 7479
6622 6874
6622 9062
6626 9498
6631 8575
6634 7197
6634 8590
6637 7152
6642 7860
6643 9860
6649 7891
6649 9246
6651 8497
6652 7015
6652 9671
6656 9315
6659 8985
6659 9177
6663 8319
6666 7339
6667 9692
6668 7026
6668 8943
6669 6922
6674 7278
6678 7905
6682 6716
6682 7815
6683 9778
6686 9290
6695 7379
6699 9071
6700 8892
6701 9360
6702 8156
6702 9801
6703 7473
6704 7207
6706 7049
6706 9866
6708 6989
6709 8135
6715 8275
6723 6758
6724 6774
6728 7284
6736 7675
6737 6890
6737 8116
6740 9586
6740 9612
6743 7514
6745 8518
6745 9205
6749 7418
6750 6956
6753 9174
6754 9519
6757 7641
6758 9646
6760 8068
6763 7556
6767 8548
6769 7534
6776 7072
6780 9043
6780 9763
6781 6849
6781 7971
6781 8049
6784 8589
6786 6974
6789 6844
6794 8569
6800 7506
6803 7144
6803 8403
6804 9623
6809 8463
6810 8414
6810 9018
6812 7649
6815 8197
6815 9996
6817 8493
6819 9092
6822 8033
6830 7599
6830 7855
6847 8058
6850 8924
6852 7778
6856 9573
6859 9523
6861 7613
6861 8822
6864 6924
6867 9164
6870 8608
6873 8304
6877 8695
6878 8827
6881 9482
6885 7255
6886 9005
6891 8889
6892 7181
6893 7546
6895 7389
6899 9004
6902 8051
6902 8185
6903 7489
6905 9655
6907 7710
6909 9995
6911 7768
6913 8867
6913 9407
6917 8585
6919 8379
6920 8166
6928 7548
6928 8039
6929 8032
6930 7434
6931 7086
6940 9841
6946 9548
6947 9182
6949 8315
6956 7976
6968 8018
6968 8797
6971 8421
6973 7525
6975 8188
6979 8910
6984 7773
6984 9665
6985 7254
6987 9034
6990 8406
6993 7519
6996 8510
6998 8187
7000 8182
7000 8596
7001 7504
7003 8287
7007 8316
7009 7963
7010 8130
7011 9490
7014 7350
7017 9025
7021 7058
7023 8840
7031 9466
7032 8106
7032 8381
7033 9114
7036 9593
7038 7147
7042 8235
7042 8244
7042 8301
7044 8093
7044 9305
7046 9128
7052 7759
7054 9051
7055 8154
7059 9883
7062 9108
7067 9672
7068 7342
7071 8473
7073 7288
7075 8324
7080 9250
7084 8165
7086 7744
7089 9948
7098 7406
7098 8635
7101 7552
7101 8874
7102 8481
7105 8700
7106 7769
7111 8485
7112 7403
7114 8389
7124 8148
7124 9131
7127 9472
7135 8637
7136 8774
7141 7408
7147 7762
7154 7545
7154 9853
7155 7685
7158 7217
7158 7230
7164 7533
7164 8322
7169 8257
7169 8666
7171 8445
7190 7328
7200 7206
7200 8594
7201 8696
7201 9789
7205 7407
7207 8286
7215 7597
7216 7550
7216 8084
7222 8469
7223 7492
7224 7577
7228 7567
7238 7770
7240 9435
7243 9209
7247 9007
7248 8145
7257 8019
7259 9499
7261 9756
7263 7669
7269 8638
7275 8218
7276 7645
7282 8043
7282 8387
7284 8263
7284 9380
7292 9404
7299 7782
7299 7996
7304 9356
7308 8478
7317 9429
7318 8525
7331 7480
7338 7602
7338 7683
7343 9653
7348 8246
7350 7982
7355 8673
7356 9764
7367 7378
7372 8097
7380 7390
7387 8259
7388 7875
7391 9828
7393 9515
7396 9022
7400 7482
7400 8702
7400 8891
7405 9522
7407 8346
7408 8454
7412 8724
7416 7483
7423 7925
7424 7935
7424 8009
7425 9198
7434 8282
7441 8514
7444 9982
7449 9116
7456 7990
7456 8307
7459 8958
7459 9848
7460 7814
7461 8086
7472 8542
7474 9284
7475 9602
7475 9906
7482 9952
7485 8715
7492 9259
7492 9565
7494 8504
7497 7911
7497 8323
7499 7643
7503 8158
7508 7574
7510 8728
7512 8298
7514 8449
7514 9264
7518 7845
7519 8976
7519 9505
7522 9008
7528 8876
7530 8791
7531 8505
7535 8428
7537 8671
7537 9121
7540 8925
7541 9268
7548 8199
7557 9957
7562 7811
7563 9221
7564 9720
7569 8746
7570 8378
7570 9627
7573 9530
7575 8011
7580 9538
7580 9685
7581 8634
7591 7731
7592 8706
7596 8344
7597 9649
7601 8215
7627 9697
7629 8616
7630 7750
7635 8477
7645 8470
7647 7834
7651 8150
7655 7817
7655 8213
7657 8212
7658 8302
7667 8848
7673 8645
7678 7699
7680 8998
7683 8299
7692 7916
7694 9148
7696 8233
7698 9087
7706 8755
7708 9331
7714 8833
7718 9155
7730 8745
7736 9448
7742 7959
7745 8170
7750 9595
7754 9493
7762 7956
7769 7895
7774 9582
7777 9932
7780 9049
7782 8628
7782 9327
7783 9222
7785 8453
7796 8420
7796 9875
7805 9899
7812 9473
7820 8432
7821 8930
7823 9450
7825 9075
7841 9375
7846 9973
7849 7983
7849 8020
7850 9689
7851 9937
7855 9594
7858 8118
7858 8604
7869 8369
7874 8893
7880 9476
7886 9411
7894 8787
7898 9714
7900 8558
7913 9508
7930 7970
7931 9754
7933 8992
7936 9794
7944 9020
7948 9639
7954 9600
7955 7988
7957 8942
7965 8554
7968 8480
7968 9045
7969 8614
7972 9132
7974 8622
7986 9416
7987 8308
7989 9265
7991 8861
7998 8351
8001 9225
8003 9303
8003 9820
8005 8076
8009 8636
8012 8586
8015 8911
8019 8249
8019 9229
8021 8107
8024 8524
8025 9992
8027 9319
8031 8651
8034 8461
8039 9228
8050 9704
8057 9652
8069 9898
8071 9711
8073 9322
8074 8676
8082 9651
8087 8939
8088 8600
8088 9438
8090 8888
8095 8749
8096 8141
8096 9178
8096 9727
8098 8110
8113 9437
8118 9203
8118 9784
8129 9718
8131 9033
8136 9245
8137 8149
8147 8804
8151 8742
8167 8243
8188 9443
8188 9786
8201 8459
8201 9826
8208 9877
8211 9680
8215 9218
8216 9876
8225 9783
8231 9785
8241 8374
8241 9675
8244 9102
8262 9637
8269 9930
8272 9256
8279 9409
8281 8579
8286 9289
8287 9424
8293 9161
8301 9517
8304 9542
8324 9469
8327 8788
8332 8800
8335 8536
8338 8873
8340 8561
8360 9383
8376 9385
8384 8458
8391 9661
8407 8648
8407 9011
8407 9445
8417 9604
8419 9084
8425 9390
8425 9588
8437 8705
8440 8664
8450 9223
8469 9291
8486 9314
8490 8739
8490 9031
8497 8989
8506 8984
8510 8987
8510 9650
8515 9743
8519 8972
8521 9613
8527 9748
8532 8830
8536 9654
8537 9176
8544 8660
8554 8632
8597 9414
8598 8988
8599 8810
8626 8784
8628 9805
8631 8716
8634 9699
8642 9464
8656 8691
8656 9210
8666 9262
8670 9723
8676 8710
8684 9467
8689 9401
8691 8869
8691 9204
8693 9236
8703 9874
8706 8713
8709 8980
8716 9918
8734 8767
8736 9126
8736 9475
8741 9942
8744 9486
8754 9465
8755 8837
8765 9625
8769 9964
8770 9079
8773 9247
8776 8847
8777 9063
8783 9352
8790 9920
8795 8950
8808 9854
8808 9863
8810 9601
8823 9434
8845 9081
8853 9587
8859 9293
8863 8975
8870 9341
8870 9780
8872 9016
8882 8907
8882 9330
8887 8994
8889 9871
8921 9628
8925 9376
8943 9688
8949 9620
8953 9013
8964 9846
8970 9226
8974 9199
8979 9039
8980 9137
8981 9622
8997 9518
9003 9242
9007 9173
9012 9483
9017 9232
9028 9963
9054 9513
9069 9849
9085 9474
9090 9837
9117 9332
9128 9614
9145 9980
9148 9172
9150 9900
9155 9169
9156 9463
9165 9251
9165 9349
9168 9752
9195 9703
9209 9949
9211 9706
9221 9658
9222 9337
9247 9691
9276 9880
9284 9300
9309 9344
9309 9808
9311 9823
9318 9578
9318 9724
9338 9663
9438 9551
9445 9897
9476 9830
9479 9667
9510 9521
9520 9870
9559 9561
9560 9705
9592 9657
9607 9981
9649 9845
9654 9851
9671 9762
9672 9895
9684 9843
9703 9787
9779 9984
9785 9985
9922 9950
9960 9998
0 9999