1000 3334
1 5
1 15
1 169
1 174
1 454
1 631
0 1
0 2
0 4
0 6
0 61
0 86
0 110
0 153
0 369
0 761
0 844
0 246
0 549
2 3
2 670
2 100
3 22
3 73
3 100
3 658
3 177
3 164
4 7
4 12
4 25
4 32
4 85
4 278
4 530
4 220
4 658
4 295
4 864
5 9
5 14
5 38
5 44
5 119
5 252
5 295
5 802
5 72
5 881
5 587
5 63
6 8
6 10
6 13
6 171
6 645
6 310
6 777
6 396
6 794
6 214
6 85
6 369
6 587
7 769
7 323
7 535
7 299
7 782
7 656
8 39
8 128
8 597
8 70
8 891
8 974
8 873
8 120
8 336
8 772
9 11
9 18
9 24
9 216
9 352
9 724
9 237
9 610
10 17
10 19
10 41
10 152
10 225
10 657
10 973
10 609
10 439
10 255
11 70
11 107
11 245
11 455
11 798
11 742
11 858
12 42
12 51
12 179
12 247
12 332
12 253
12 737
12 970
13 16
13 20
13 28
13 34
13 84
13 277
13 374
13 409
13 719
13 971
13 852
14 31
14 62
14 136
14 178
14 669
14 781
14 665
15 23
15 88
15 167
15 190
15 347
15 412
15 184
16 21
16 50
16 67
16 98
16 696
16 246
16 957
17 115
17 308
17 471
17 479
17 199
17 814
18 27
18 40
18 537
18 909
19 47
19 150
19 708
19 908
19 725
19 295
19 51
20 182
20 290
20 368
20 523
20 382
20 559
20 216
20 857
20 497
20 335
21 60
21 126
21 434
21 913
21 317
21 668
21 854
21 943
21 478
22 30
22 66
22 239
22 567
22 810
22 682
22 716
22 108
22 778
22 983
23 29
23 43
23 127
23 659
23 790
23 912
23 355
23 896
23 275
23 490
23 800
23 822
23 670
24 33
24 83
24 95
24 113
24 217
24 299
24 520
24 611
24 696
24 134
24 56
24 510
24 836
24 384
25 26
25 36
25 53
25 835
25 300
25 923
25 370
25 195
26 194
26 543
26 676
26 671
27 37
27 80
27 109
27 588
27 899
27 590
27 922
27 849
28 45
28 49
28 54
28 55
28 292
28 394
28 665
28 802
28 944
29 35
29 438
29 885
29 498
29 127
30 639
30 861
30 342
30 312
31 82
31 214
31 548
31 576
31 578
31 316
31 178
31 985
31 78
31 160
32 360
32 611
32 112
32 641
33 69
33 105
33 770
33 868
33 479
33 259
33 569
33 436
33 869
34 160
34 436
34 512
34 414
34 471
35 48
35 78
35 81
35 236
35 242
35 516
35 369
35 960
35 555
35 284
35 865
35 486
35 455
36 46
36 121
36 404
36 442
36 535
36 687
36 703
37 59
37 64
37 116
37 768
38 57
38 58
38 111
38 767
38 510
38 731
38 155
38 313
39 240
39 975
39 365
39 341
39 309
39 200
39 701
39 991
39 802
39 834
40 89
40 221
40 599
40 717
40 735
40 674
40 813
40 174
41 74
41 79
41 919
41 227
41 380
41 480
41 484
42 106
42 131
42 566
42 940
42 477
42 804
42 764
42 293
42 505
42 165
42 640
42 794
42 516
43 154
43 582
43 675
43 573
43 724
43 95
44 135
44 820
44 282
44 883
45 52
45 170
45 450
45 524
45 761
45 74
45 869
45 751
45 222
46 108
46 445
46 606
46 381
46 876
46 88
46 582
46 770
46 716
47 760
47 209
47 831
47 744
48 139
48 348
48 505
48 444
48 103
49 122
49 203
49 169
49 491
49 683
50 103
50 132
50 544
50 724
50 330
50 296
51 72
51 298
51 604
51 799
51 547
51 996
51 188
51 913
51 335
52 146
52 683
52 977
52 916
53 56
53 376
53 87
53 345
54 325
54 628
54 568
54 187
54 305
55 65
55 157
55 343
55 717
55 648
56 158
56 514
56 804
56 685
57 75
57 93
57 144
57 200
57 739
57 862
57 780
57 172
57 175
58 737
58 818
58 888
58 127
58 361
58 379
58 746
59 63
59 120
59 175
59 186
60 137
60 496
60 840
60 883
60 582
60 772
60 828
61 68
61 117
61 763
61 938
61 77
61 512
61 317
61 808
61 174
61 498
61 139
61 290
61 939
61 974
61 368
62 140
62 205
62 456
62 189
62 425
62 275
62 407
62 334
63 224
63 875
63 293
63 728
63 321
64 233
64 251
64 364
65 143
65 339
65 562
65 881
65 584
65 163
65 86
65 608
65 546
65 788
66 345
66 262
66 169
66 105
66 846
67 76
67 271
67 280
67 943
67 792
67 998
67 983
68 776
69 159
69 256
69 576
69 774
69 312
69 397
69 392
70 71
70 344
70 414
70 502
70 538
70 130
70 442
70 142
70 600
71 97
71 846
71 901
71 867
71 422
71 336
71 755
71 194
72 77
72 96
72 255
72 431
72 868
72 303
72 385
72 711
72 342
73 613
73 420
73 383
73 324
73 486
74 92
74 94
74 104
74 720
74 856
74 662
74 132
74 245
75 573
75 600
75 208
75 960
75 701
76 99
76 147
76 876
76 916
76 753
76 747
76 867
76 843
76 942
76 486
76 853
76 216
77 511
77 653
77 513
77 308
77 716
77 730
77 227
77 903
77 350
78 168
78 422
78 547
78 801
78 874
78 872
78 233
78 646
78 429
78 513
78 684
78 768
78 738
78 394
79 102
79 507
79 726
79 764
79 837
79 411
79 831
79 240
79 193
80 223
80 261
80 427
80 114
80 494
80 401
80 777
80 959
80 612
81 228
81 716
81 404
81 428
81 461
81 752
81 171
81 364
82 193
82 341
82 346
82 277
82 941
82 224
82 618
83 166
83 195
83 333
83 704
83 747
83 204
83 665
83 308
83 360
83 418
84 646
84 827
84 943
84 786
85 87
85 130
85 142
85 332
85 383
85 484
85 592
85 736
85 455
86 123
86 361
86 925
86 839
86 598
86 744
86 680
87 861
87 620
87 444
88 90
88 189
88 209
88 284
88 331
88 830
88 186
88 544
88 834
88 723
88 537
88 707
88 268
88 309
89 91
89 942
89 600
89 453
89 276
89 740
89 192
89 936
90 172
90 752
90 175
90 245
90 474
90 492
90 618
91 651
91 552
91 457
91 249
91 557
91 952
92 768
92 941
92 144
92 189
93 112
93 163
93 645
93 750
93 668
93 948
93 621
94 118
94 206
94 189
94 143
95 301
95 181
95 978
95 647
95 967
95 916
95 113
95 656
95 267
95 141
95 679
96 133
96 248
96 398
96 578
96 744
96 940
96 488
96 651
97 101
97 400
97 889
97 107
97 725
97 585
97 734
98 220
98 490
98 854
98 913
98 392
99 485
99 897
99 577
100 199
100 275
100 667
100 646
100 927
100 449
101 145
101 184
101 522
101 563
101 516
101 631
101 251
101 335
102 129
102 415
102 570
102 801
102 282
102 228
102 630
103 323
103 371
103 741
103 812
103 487
103 837
103 880
103 133
103 755
103 174
103 313
104 180
104 198
104 222
104 579
104 531
104 357
105 197
105 578
105 222
106 155
106 533
106 992
106 748
106 403
106 554
107 114
107 529
107 468
107 619
107 295
108 318
108 354
108 926
108 587
108 247
108 778
109 125
109 181
109 509
109 633
109 458
109 647
110 283
110 293
110 393
110 457
110 745
110 762
110 858
110 838
110 671
111 138
111 465
111 625
111 879
111 970
111 549
112 945
112 297
113 813
113 658
113 321
113 250
113 538
113 544
114 115
114 988
114 646
114 523
115 210
115 206
115 255
115 417
115 572
116 124
116 183
116 313
116 524
116 543
116 188
116 442
116 216
116 413
116 781
116 755
116 535
116 684
116 778
117 328
117 357
117 850
117 493
117 687
117 887
117 391
118 177
118 591
118 383
118 428
118 182
119 390
119 554
119 498
120 134
120 335
120 337
120 358
120 170
120 874
120 957
121 257
121 377
121 424
121 538
121 643
122 202
122 993
122 135
123 663
123 904
123 495
123 609
124 740
124 385
124 609
124 426
124 666
124 527
125 161
125 251
125 219
125 931
125 921
126 350
126 991
126 220
126 957
126 749
126 179
126 230
127 141
127 422
127 468
127 701
128 188
128 636
128 949
128 775
128 625
128 716
128 134
128 176
129 517
129 400
130 156
130 842
130 349
130 716
130 490
130 628
131 803
131 236
131 190
131 811
132 163
133 148
133 151
133 196
133 256
133 829
133 531
133 524
133 494
134 283
134 753
134 708
134 817
134 493
135 230
135 441
135 211
135 657
135 664
135 153
135 391
136 141
136 503
137 568
137 624
137 609
137 212
137 506
137 895
137 389
138 300
138 435
138 668
138 866
138 356
138 447
138 326
138 144
139 173
139 287
139 926
139 834
139 937
139 710
139 318
139 567
140 661
140 591
140 148
141 243
141 259
141 317
141 513
141 951
141 777
142 176
142 426
142 578
142 820
142 360
142 845
143 776
143 445
143 365
143 582
143 413
143 788
143 175
143 371
143 891
144 149
144 365
144 257
145 234
145 317
145 621
145 394
145 879
145 812
146 162
146 213
146 378
146 614
146 708
146 290
147 334
147 270
147 731
147 677
148 994
148 996
148 553
148 486
149 201
149 215
149 254
149 878
149 323
149 659
150 226
150 289
150 329
150 417
150 856
151 165
151 185
151 186
151 207
151 422
151 535
151 230
151 965
151 296
151 238
152 475
152 161
152 212
153 260
153 288
153 351
153 166
153 306
153 947
153 198
153 499
154 240
154 378
155 229
155 416
155 579
155 554
155 715
155 592
155 630
155 716
155 408
155 310
156 425
156 791
156 776
157 191
157 833
157 950
158 596
158 601
158 711
158 408
158 778
158 473
158 276
159 459
159 561
159 740
159 706
159 408
159 657
159 800
160 164
160 227
160 315
160 773
160 362
160 567
160 766
160 836
160 514
161 208
161 690
161 661
161 189
161 298
162 232
162 356
162 949
162 404
162 206
163 694
163 502
163 761
163 338
164 388
164 211
164 319
164 780
164 644
165 274
165 307
165 528
165 509
165 519
165 760
165 923
166 236
166 698
166 838
166 251
166 375
166 300
167 478
167 858
167 417
167 367
167 770
167 830
167 530
167 359
168 244
168 286
168 917
168 843
168 699
169 474
169 220
169 956
169 827
170 187
170 218
170 608
170 752
170 268
171 204
171 962
171 492
171 324
172 751
172 923
172 438
172 186
172 320
172 342
173 211
173 305
173 798
173 573
173 889
173 663
174 249
174 303
174 497
174 642
174 707
174 654
174 761
175 359
175 421
175 446
175 923
175 859
175 921
175 860
176 610
176 240
176 591
176 270
176 183
176 274
176 216
178 660
178 781
178 267
178 422
179 268
179 506
179 635
179 918
179 930
179 344
179 896
179 598
179 186
179 656
179 195
180 571
180 310
180 506
180 454
180 844
181 365
181 384
181 431
181 782
181 200
181 223
181 291
181 237
181 797
181 837
182 219
182 269
182 373
182 829
183 297
183 476
183 960
183 554
183 732
183 298
183 748
184 266
184 342
184 419
184 825
184 458
184 606
185 296
185 671
185 902
185 433
185 229
185 375
186 646
186 923
186 207
186 244
187 376
187 933
187 379
187 416
187 332
187 254
188 192
188 203
188 238
188 521
188 357
188 633
188 236
189 372
189 992
189 410
189 464
190 208
190 734
190 974
190 480
190 549
190 321
191 253
191 698
191 952
192 281
192 967
193 525
193 540
193 650
194 264
194 689
194 364
194 468
194 951
194 543
194 849
194 917
195 270
195 362
195 370
195 634
195 927
195 990
195 537
196 212
196 765
196 299
196 829
196 239
197 314
197 285
197 889
197 697
197 610
197 535
197 599
198 246
198 920
198 660
198 565
198 546
199 330
199 813
199 847
199 532
199 311
200 241
200 550
200 557
200 511
200 501
200 652
200 299
200 809
201 392
202 720
202 267
202 248
203 487
203 962
203 661
203 729
203 476
204 258
204 854
204 787
204 985
204 248
204 271
204 573
204 535
205 493
205 857
205 531
205 704
205 921
205 389
205 428
205 523
206 555
206 817
206 684
206 670
206 493
206 406
206 251
206 798
207 235
207 585
207 657
207 649
207 396
207 545
207 455
208 327
208 731
208 413
208 464
208 808
208 252
208 833
209 237
209 340
209 631
209 422
209 510
209 548
209 479
210 338
210 556
210 378
210 611
211 458
211 825
211 826
211 959
211 565
211 589
211 552
212 804
213 397
213 953
213 650
213 616
213 544
213 435
213 365
214 291
214 355
214 682
214 780
214 408
214 371
214 741
214 495
215 803
215 518
215 620
215 450
216 263
216 273
216 953
216 302
217 285
217 320
217 504
217 735
217 613
217 486
217 569
218 727
218 928
218 512
218 968
218 276
219 231
219 282
219 553
219 743
219 925
220 510
221 429
221 679
221 393
222 973
222 954
223 648
223 962
223 529
223 493
223 749
224 385
224 923
224 727
224 637
224 494
224 741
224 731
224 373
225 276
225 492
225 598
225 784
225 786
225 566
225 344
226 508
226 671
227 326
227 724
227 910
227 269
228 267
228 936
228 512
229 366
229 859
229 725
229 277
229 796
230 239
230 643
230 647
231 272
231 654
231 810
231 281
231 390
232 387
232 437
232 872
232 255
233 294
233 571
233 445
233 770
233 671
233 969
233 994
234 528
235 367
235 587
235 290
235 465
236 356
236 526
236 959
236 343
236 330
236 405
236 665
236 410
237 304
237 389
237 839
237 893
237 423
237 452
237 765
237 429
237 644
237 863
237 946
237 674
237 668
237 878
237 629
237 763
238 335
238 967
238 528
238 415
238 553
238 999
239 302
239 628
239 325
239 838
239 860
240 265
240 421
240 465
240 331
241 353
241 432
241 466
241 315
241 763
241 714
242 250
242 430
242 623
242 867
242 415
242 830
243 726
243 628
243 273
243 799
244 262
244 316
244 408
244 677
244 778
244 904
244 727
244 529
244 397
244 501
245 866
245 390
245 642
245 784
246 396
246 731
247 463
247 989
247 543
247 798
247 972
248 451
248 675
248 836
249 326
249 255
249 424
249 282
249 344
249 617
249 557
249 884
250 478
250 855
250 693
250 322
251 311
251 620
251 269
251 373
251 973
252 525
252 741
252 946
252 553
252 904
252 827
252 922
253 616
253 766
253 723
253 520
254 324
254 488
254 903
254 532
255 848
255 665
255 578
255 473
255 721
255 737
256 706
256 784
256 683
256 439
257 585
257 952
257 293
257 462
257 695
257 968
258 468
258 612
258 637
258 539
258 667
258 477
258 750
259 797
259 825
259 783
259 576
259 479
259 449
259 400
259 950
260 485
260 685
261 337
261 483
261 511
261 354
262 279
262 805
262 852
262 854
262 307
262 793
262 814
263 636
263 798
263 667
264 472
264 539
264 650
264 705
264 929
264 381
264 690
264 289
264 319
264 783
265 491
265 865
265 596
265 469
265 709
265 807
265 781
265 286
265 540
266 309
266 846
266 768
266 446
266 774
266 454
266 569
267 470
267 271
267 488
267 980
267 555
267 973
268 499
268 730
268 420
268 885
268 535
268 917
269 379
269 402
269 452
269 496
270 319
270 975
270 580
270 943
270 922
270 903
270 560
271 451
271 471
271 767
271 410
271 596
271 768
271 358
271 969
272 310
272 986
272 401
273 358
273 969
273 695
273 578
274 461
274 691
274 313
275 889
275 349
275 455
275 947
276 637
276 292
276 424
276 386
276 678
277 336
277 420
277 847
277 593
277 892
277 549
277 981
278 303
278 485
278 766
278 341
279 515
279 673
280 834
280 482
280 301
280 828
281 322
281 828
281 851
281 982
281 826
281 856
281 402
282 679
282 625
282 869
282 385
283 672
283 819
283 993
283 552
283 519
284 417
284 989
284 679
284 912
284 745
284 992
284 593
285 622
285 713
285 867
285 372
285 916
286 545
286 438
286 735
286 751
287 896
287 679
287 383
287 334
288 714
288 514
288 818
288 941
289 412
289 714
289 816
289 314
289 328
289 879
290 349
290 888
290 420
290 942
290 334
290 685
291 407
291 595
291 709
291 929
291 818
291 786
291 961
291 935
292 381
292 552
292 699
292 795
292 555
292 676
292 570
293 672
293 866
293 765
294 526
294 927
294 827
295 346
295 488
295 935
296 951
296 831
296 554
296 651
296 516
296 462
296 926
297 306
297 398
297 306
297 862
297 841
297 379
297 336
298 455
298 551
298 749
298 965
298 707
299 703
299 458
299 306
299 711
300 301
300 791
300 747
300 926
300 320
300 541
301 879
301 377
301 419
301 529
301 707
301 552
301 711
302 912
302 972
302 818
303 486
303 514
303 624
303 795
303 912
303 637
304 469
304 931
305 700
306 549
306 850
306 618
307 363
307 453
307 751
308 674
308 800
308 330
308 710
308 521
308 331
308 655
309 864
309 914
310 312
310 392
310 961
310 702
311 921
311 491
311 944
311 672
312 659
312 345
312 866
313 410
313 500
313 833
313 695
313 465
313 482
313 388
314 625
314 523
314 493
315 976
316 982
317 405
317 469
317 419
317 681
317 722
317 643
318 321
318 627
318 796
318 847
318 759
318 929
318 361
319 765
319 952
319 518
319 969
319 593
319 922
320 772
320 613
320 557
320 881
320 960
320 616
320 636
320 398
320 705
321 521
321 732
321 827
321 781
322 342
322 778
322 604
323 352
323 927
323 919
323 750
323 971
323 680
324 866
324 927
324 691
324 998
325 506
325 518
325 349
326 766
326 954
326 774
326 611
326 632
327 789
327 487
327 767
327 810
327 586
327 991
328 517
329 586
329 701
329 818
329 372
329 786
329 496
330 439
330 485
330 624
330 365
330 455
330 959
330 986
330 672
330 964
331 720
331 738
331 936
331 771
331 569
331 384
332 428
332 902
332 876
332 746
334 418
334 787
334 488
334 649
335 693
335 966
336 428
336 518
336 928
337 690
337 786
337 831
337 927
337 504
337 782
337 484
337 853
337 763
337 608
337 631
337 872
338 527
339 556
340 412
340 658
340 544
340 395
340 538
341 469
341 744
341 875
341 435
341 522
341 520
341 872
341 564
341 893
341 728
342 474
342 489
342 569
342 680
342 908
342 955
342 738
342 396
342 883
343 401
343 820
344 643
344 866
345 513
345 976
345 828
345 739
346 399
346 545
346 970
346 454
347 829
347 777
347 760
347 457
348 892
348 708
349 637
349 815
349 891
349 527
349 681
350 495
350 785
350 601
350 789
351 406
351 993
351 497
351 787
352 589
352 401
352 927
352 986
353 896
353 561
353 579
353 826
353 550
354 448
354 575
354 652
354 887
354 361
354 689
354 531
355 379
355 938
356 815
356 616
357 440
357 724
357 832
357 610
357 672
357 595
357 515
357 513
357 399
357 759
357 489
358 382
358 593
358 843
358 517
358 877
358 865
359 375
359 445
359 908
360 380
360 823
361 447
361 586
361 774
361 450
361 987
361 372
361 819
362 745
362 692
362 964
363 558
363 438
363 811
363 574
364 379
364 942
364 644
365 531
365 719
365 729
365 549
365 708
365 511
366 856
366 465
366 741
367 403
367 482
367 439
367 926
368 706
368 884
368 818
368 624
368 426
368 838
369 629
369 632
369 392
369 978
369 730
370 748
370 927
370 663
370 897
370 782
370 707
371 484
371 471
371 997
371 395
372 466
372 557
372 637
372 874
372 916
372 961
372 494
373 953
373 816
374 620
374 728
374 711
374 654
374 571
374 535
375 395
375 443
375 819
375 858
375 395
375 788
375 715
376 598
377 626
377 481
377 903
377 660
377 600
377 711
378 607
378 853
378 519
378 429
379 667
379 788
379 560
379 403
379 907
380 400
380 457
381 893
381 995
381 471
381 835
381 724
381 538
382 386
382 503
382 541
382 465
382 801
383 446
383 892
383 869
383 912
384 391
384 465
384 504
384 702
384 785
384 424
384 927
384 618
384 496
384 974
384 935
384 996
385 393
385 704
386 516
386 641
387 701
387 858
387 951
388 762
389 444
389 979
389 543
389 502
390 411
390 919
390 787
390 696
390 468
391 625
391 736
392 669
392 884
393 656
393 909
394 994
394 541
394 483
394 512
394 834
395 449
395 806
395 415
395 617
395 429
395 578
396 560
396 850
396 967
396 925
397 723
397 438
398 535
398 657
398 739
399 480
399 911
399 412
399 723
399 794
399 400
400 838
400 699
400 598
401 960
401 810
402 905
402 808
402 897
403 853
403 411
403 754
403 929
403 462
403 931
404 927
404 868
404 537
405 666
405 686
405 756
405 759
405 639
405 673
405 726
407 413
407 424
408 534
409 423
409 691
409 883
409 569
410 757
410 886
410 885
410 751
410 715
410 678
410 778
411 964
411 533
411 930
411 936
412 914
413 668
413 764
413 506
414 462
414 638
414 541
414 540
414 810
415 473
415 887
416 933
416 783
416 881
416 515
417 503
417 729
417 596
418 498
418 565
418 873
418 995
418 521
419 877
419 930
420 564
420 590
420 470
420 529
421 448
422 664
422 875
422 627
422 585
423 433
423 832
423 505
424 583
424 475
425 746
425 785
425 918
426 510
426 999
426 950
426 517
427 590
427 786
427 587
427 444
428 489
428 613
428 918
429 464
429 629
429 612
429 700
430 807
430 804
430 650
430 436
431 481
431 963
431 689
432 546
432 728
433 466
433 733
434 581
434 820
434 931
434 655
435 581
436 849
436 912
436 915
437 709
437 756
438 654
439 982
440 791
440 939
440 477
440 850
440 843
441 572
441 811
441 935
441 944
442 460
442 494
442 540
442 977
442 869
442 941
442 524
442 693
442 479
443 559
443 898
444 796
444 758
444 625
445 467
445 920
446 941
446 690
446 485
447 783
447 892
448 950
448 981
448 483
448 957
448 501
449 639
449 921
449 618
450 579
450 765
450 553
451 787
451 967
452 541
452 662
452 883
452 526
452 651
453 477
453 804
453 904
453 644
453 903
454 673
454 517
454 541
454 497
454 666
455 829
455 912
455 620
456 749
456 493
456 988
458 518
458 618
458 944
459 723
460 915
460 519
460 754
460 893
460 965
460 994
461 464
461 675
461 979
461 542
462 785
462 768
462 522
462 692
463 588
463 766
463 485
464 788
464 481
465 828
466 712
466 477
466 776
466 517
467 799
467 695
467 698
468 676
468 839
469 802
469 650
469 614
469 989
470 695
470 683
470 981
471 776
472 764
472 658
472 767
472 540
472 843
472 515
472 699
473 748
474 532
474 885
475 534
476 985
476 702
477 783
477 985
477 600
477 516
478 618
478 556
478 880
478 573
479 613
479 831
479 795
479 551
480 877
480 645
481 594
481 959
481 510
481 523
482 998
483 993
483 692
484 734
485 536
485 594
485 842
485 970
485 582
486 900
486 835
488 501
488 697
488 894
488 915
488 688
488 554
489 998
489 908
490 584
490 637
491 549
491 905
491 548
492 542
492 615
492 617
492 987
492 505
493 771
493 779
493 968
493 570
493 974
493 628
493 690
494 619
494 907
494 800
495 568
495 788
496 679
496 882
496 501
497 616
497 855
498 787
499 681
499 941
500 943
501 741
502 519
502 782
502 587
502 912
502 580
503 773
503 680
503 975
503 689
504 538
505 736
505 690
505 994
506 983
506 933
506 764
506 782
507 660
507 560
508 875
508 963
508 678
509 710
509 986
510 561
511 989
511 840
511 817
511 599
512 715
512 738
512 519
512 523
512 792
513 630
513 887
514 654
514 874
514 757
514 518
515 852
515 912
515 576
515 961
515 792
515 533
515 633
515 958
516 842
516 566
517 605
517 893
517 805
518 970
518 875
519 822
519 544
519 621
519 587
519 537
519 555
520 906
520 953
520 723
520 761
520 864
521 757
521 795
522 804
522 637
522 671
523 627
523 864
524 907
524 850
524 966
524 612
524 721
525 653
525 674
526 753
526 784
527 894
527 568
527 906
528 765
528 780
528 750
528 680
528 622
528 529
529 865
529 959
529 946
529 743
529 717
530 574
531 620
531 561
532 724
532 710
532 972
533 928
533 729
533 963
533 746
534 933
534 558
535 698
535 710
536 872
536 788
536 621
537 626
537 824
537 806
537 750
538 655
538 813
538 906
538 928
538 709
538 588
538 783
538 602
539 609
539 670
540 649
540 958
540 662
541 986
542 721
542 976
543 665
543 785
544 731
544 807
544 919
544 630
544 835
545 797
545 974
545 575
546 966
547 971
547 640
548 554
548 592
548 648
549 867
549 749
550 969
550 557
550 826
551 892
551 923
551 661
552 577
552 796
552 597
554 580
554 966
554 588
554 759
554 725
555 890
555 617
557 814
557 933
557 815
557 880
557 994
557 748
557 686
559 582
561 816
561 603
561 918
561 696
561 976
561 909
561 835
563 799
563 834
563 731
564 972
564 587
564 825
564 613
564 940
564 616
564 997
564 712
565 567
565 643
565 884
566 901
566 648
566 783
566 793
567 693
567 802
568 934
568 942
568 662
569 983
569 938
570 953
570 964
571 723
571 600
571 915
572 692
572 899
572 833
572 954
573 603
573 786
574 980
574 940
574 978
575 886
576 647
576 912
576 961
576 937
576 608
577 749
577 933
577 989
578 607
578 906
578 760
579 815
579 893
579 737
579 732
579 885
579 605
580 901
580 644
581 836
581 849
581 639
581 894
582 587
582 602
582 774
582 606
582 932
583 722
583 756
584 784
585 793
585 795
586 640
586 688
586 687
586 603
586 894
587 685
587 774
588 709
588 754
588 906
589 687
589 847
590 733
591 949
591 841
592 630
592 946
592 792
593 688
593 664
593 599
593 986
594 795
594 945
594 963
594 676
594 820
594 721
595 699
595 600
596 618
596 606
596 825
597 963
597 672
598 936
598 965
598 981
598 930
598 920
598 773
599 688
600 997
600 787
600 669
600 716
601 899
601 866
602 695
602 742
602 746
602 653
603 641
603 674
603 748
603 650
604 644
604 791
604 806
604 650
604 756
605 794
605 728
605 619
606 807
606 917
606 628
607 942
607 974
607 893
607 843
607 613
608 752
610 909
611 973
612 912
612 635
613 633
614 769
615 949
615 894
616 945
616 734
616 663
616 714
618 684
618 886
618 671
619 941
619 651
620 997
620 856
621 725
622 905
622 699
622 876
623 770
624 750
624 817
624 832
625 938
627 830
627 784
629 943
629 658
629 794
629 883
629 942
630 841
631 787
632 726
632 676
633 827
633 899
633 892
635 837
636 930
636 810
636 928
637 993
638 765
639 682
639 805
640 930
640 972
641 883
641 896
643 749
643 903
643 884
644 964
644 731
645 745
645 822
647 718
647 679
648 742
648 817
649 732
649 899
650 846
650 790
652 694
653 678
654 802
655 821
655 994
656 777
656 802
659 988
659 880
660 960
661 755
661 998
661 823
661 729
661 962
662 971
663 868
664 892
664 999
665 952
666 680
666 685
668 745
669 866
670 729
671 880
671 908
672 891
673 722
673 870
675 689
675 764
676 775
676 867
676 946
676 715
676 931
677 761
677 832
678 680
679 978
679 794
679 853
679 712
681 942
682 758
682 722
683 930
684 987
685 945
685 699
685 722
685 905
686 961
686 922
687 851
687 845
688 955
688 808
689 754
689 792
689 892
690 833
690 754
690 752
690 947
691 932
692 718
693 903
693 975
693 703
694 959
694 821
694 710
695 733
695 950
695 726
696 992
697 991
697 723
698 737
699 855
700 788
701 752
701 765
702 753
702 812
703 938
705 994
706 847
706 804
708 799
708 935
708 870
709 775
709 976
710 869
710 958
711 891
713 845
713 852
714 838
714 919
714 954
715 874
716 824
717 810
717 775
718 870
718 735
719 808
719 822
719 855
719 838
720 841
720 797
723 807
723 916
724 802
724 872
724 881
724 745
724 943
725 792
725 794
726 956
727 947
727 749
728 957
728 991
728 967
728 984
729 793
729 940
729 884
729 899
729 742
729 837
731 827
733 940
734 837
734 814
735 955
736 774
737 850
737 815
738 765
739 783
740 778
741 974
741 898
741 849
742 911
743 875
743 961
743 796
744 821
745 920
745 979
746 853
749 783
749 939
750 897
750 754
750 987
751 809
752 966
754 877
754 947
754 872
754 961
754 932
755 762
755 989
756 880
758 982
758 983
759 852
761 922
761 950
763 813
763 847
763 980
763 866
764 781
764 947
768 864
768 934
769 796
771 860
773 873
774 777
774 780
775 845
775 997
776 848
777 963
778 991
778 937
778 842
779 952
780 907
780 946
781 961
782 910
783 999
783 884
784 995
785 971
785 803
786 908
786 939
786 874
787 846
788 935
789 800
789 877
791 998
792 812
792 958
792 834
793 895
795 992
796 964
797 991
797 952
797 869
798 863
799 908
801 992
802 897
803 819
805 880
806 937
806 816
809 932
809 979
809 914
811 879
811 849
812 891
812 861
813 965
813 947
814 861
814 911
815 905
816 938
817 895
817 846
818 958
818 836
819 877
820 955
820 923
822 829
822 826
823 909
823 913
827 863
828 871
828 915
829 937
829 964
829 968
829 965
830 954
831 869
831 994
832 857
832 846
833 961
839 842
840 861
840 841
842 970
843 855
844 882
844 986
846 882
850 939
850 929
851 860
852 856
853 857
854 956
855 892
859 968
862 908
863 882
866 944
868 878
869 876
873 893
875 946
877 888
880 948
883 997
883 900
883 974
884 981
886 931
888 995
890 912
891 990
893 895
894 926
897 954
897 985
898 924
901 965
901 985
902 985
902 918
903 989
903 941
907 951
907 992
907 917
910 979
913 950
915 934
915 931
917 970
917 932
918 928
924 972
925 951
925 937
927 953
933 978
934 996
939 966
942 955
943 964
944 981
951 984
951 994
953 992
958 993
962 972
962 963
962 979
963 980
972 993
985 990
988 999
0 999