100 99
1 2
1 34
0 1
0 3
0 11
0 12
0 46
0 53
2 5
2 6
2 19
2 20
2 32
2 57
3 4
3 8
3 9
3 22
4 7
4 31
4 63
4 71
5 10
5 23
5 42
5 99
6 13
7 14
7 35
8 28
8 81
9 29
10 15
10 17
10 89
11 64
11 78
11 79
12 91
14 16
14 18
14 59
15 24
15 65
15 66
15 75
16 21
16 52
16 76
17 30
17 74
18 26
18 33
18 54
19 27
19 80
20 37
20 49
20 50
20 69
21 25
21 51
21 73
22 38
22 98
24 87
25 39
25 43
25 60
25 61
26 83
26 97
27 56
27 58
29 44
31 36
33 40
33 45
33 95
37 41
37 85
39 48
45 47
45 86
46 55
46 84
53 68
56 70
56 77
58 62
58 67
60 90
61 72
63 92
75 82
77 88
78 94
84 93
94 96
0 99