1000 999
1 3
1 4
1 7
1 23
1 36
1 65
1 181
1 647
0 1
0 2
0 9
0 25
0 41
0 62
0 428
0 879
0 916
2 11
2 60
2 80
2 191
2 865
3 14
3 29
3 347
3 655
4 5
4 30
4 37
4 40
4 125
4 164
4 201
4 462
4 578
5 6
5 98
5 99
6 8
6 26
6 35
6 66
6 79
6 234
6 243
6 378
7 10
7 242
7 349
7 353
8 13
8 19
8 272
8 435
8 634
8 681
9 18
9 236
9 329
9 339
10 22
10 115
10 157
10 160
10 544
11 12
11 16
11 31
11 151
11 316
11 943
12 17
12 434
13 15
13 28
13 32
13 238
13 402
13 684
13 898
14 20
14 47
14 55
14 153
14 207
15 21
15 51
15 524
16 27
16 48
16 794
17 33
17 56
17 74
17 148
17 356
18 71
18 948
19 52
19 86
19 109
19 277
19 357
19 547
20 24
20 375
20 582
21 42
21 152
21 270
21 714
21 748
21 810
22 43
22 312
23 50
23 162
23 223
24 34
24 61
24 63
24 178
24 373
24 380
24 424
24 646
24 906
25 39
25 83
25 89
25 94
25 146
25 313
25 953
26 59
26 78
26 81
26 176
27 751
28 124
28 158
28 174
28 410
28 704
28 720
29 91
29 214
29 710
29 737
30 49
30 93
30 119
30 796
31 44
31 290
31 376
32 57
32 408
33 38
33 307
34 46
34 58
34 73
34 142
34 203
35 53
35 67
35 145
35 273
35 359
35 499
36 274
36 564
37 241
37 392
38 707
38 972
39 88
39 106
39 107
40 45
40 54
40 105
40 260
41 72
41 336
42 69
42 85
43 84
43 87
43 193
44 190
46 787
46 825
47 121
47 802
47 954
49 237
49 332
49 431
50 70
50 364
50 771
51 266
51 391
52 140
52 200
52 219
52 227
53 100
53 570
54 247
55 110
55 490
55 837
56 302
57 77
57 90
57 126
58 68
58 75
58 102
58 123
58 150
58 163
58 533
58 640
58 735
58 925
59 111
59 155
59 572
59 645
60 82
60 407
60 846
62 64
62 103
62 143
62 147
62 984
63 96
63 187
63 267
63 280
64 136
65 135
65 204
66 156
66 629
66 969
67 76
67 179
68 116
68 183
68 259
69 171
69 194
69 230
70 268
70 602
71 371
72 799
73 137
73 180
73 239
73 461
74 92
74 773
75 117
75 134
75 232
76 97
76 573
77 935
78 206
78 523
79 129
79 253
79 377
79 495
79 617
80 947
83 161
83 610
84 680
85 166
85 401
85 631
86 292
86 465
86 566
87 173
87 198
87 211
88 95
88 218
89 300
89 429
90 114
90 952
91 108
91 118
91 169
91 245
91 529
92 130
92 186
92 188
92 264
92 598
92 746
93 172
94 439
95 530
95 850
96 138
96 154
96 165
96 182
97 101
97 120
97 127
97 128
97 279
97 753
97 983
98 113
99 104
99 112
99 122
99 210
99 556
99 594
99 718
100 908
101 141
101 315
102 335
102 397
102 676
102 884
103 132
103 262
103 626
104 133
104 170
105 217
105 451
106 355
107 208
107 263
108 139
108 790
109 293
109 623
110 351
111 131
111 197
111 304
111 334
111 487
111 601
111 612
111 993
112 196
112 226
112 254
113 189
113 235
113 246
113 278
115 168
116 703
117 276
118 144
118 216
118 600
118 715
118 910
119 275
119 340
119 467
120 425
121 324
121 350
122 220
122 838
122 988
124 641
124 662
125 222
125 441
125 473
125 800
126 399
127 739
127 852
128 503
128 861
129 844
131 159
131 282
131 372
131 795
132 175
132 689
132 716
133 213
134 149
135 249
136 991
136 995
137 202
138 288
138 338
138 643
139 616
140 167
140 256
140 696
141 668
142 215
142 305
143 330
143 866
144 470
145 192
145 472
145 832
146 258
146 269
147 443
147 685
148 628
148 690
149 358
149 491
151 261
151 271
151 597
152 752
153 537
154 205
154 538
154 625
154 849
155 212
155 224
156 786
157 440
157 476
157 615
158 996
159 284
160 185
162 374
162 534
163 303
163 388
163 660
164 341
164 493
165 286
165 298
165 657
165 783
165 944
166 177
166 486
167 229
167 297
167 354
167 871
168 422
168 733
170 301
170 479
171 781
174 209
174 296
174 460
175 368
175 502
175 741
175 899
176 593
177 184
177 228
178 244
178 295
180 314
180 389
181 413
181 548
182 291
182 328
182 724
182 896
183 511
185 363
185 522
186 195
186 308
186 843
186 970
187 199
187 306
188 294
188 961
189 417
189 606
190 926
191 321
191 415
192 225
192 927
193 285
193 513
195 250
195 419
195 946
196 636
197 251
197 505
197 975
199 834
200 717
200 992
201 283
202 221
202 333
202 531
202 770
204 433
206 299
207 540
208 542
210 344
210 444
211 928
212 651
213 233
213 257
213 265
213 365
216 405
216 456
216 731
216 842
217 918
218 248
218 519
219 320
220 370
220 907
221 386
221 804
222 231
222 520
223 352
223 497
223 584
224 474
224 665
226 240
226 427
226 543
228 809
229 515
230 404
230 468
231 624
234 664
235 426
236 311
236 430
236 500
237 454
237 855
238 252
238 411
238 776
238 883
239 390
239 567
239 792
243 526
243 560
244 937
245 317
245 412
245 803
245 893
248 255
248 448
248 541
249 287
251 483
251 813
252 289
252 904
253 481
253 653
254 822
254 891
255 559
256 518
257 447
258 682
259 613
259 999
260 309
261 452
263 525
263 728
264 326
265 318
266 345
266 369
266 848
267 398
267 840
269 471
269 585
271 310
272 627
273 475
274 394
275 361
276 331
276 383
276 396
277 281
277 644
277 694
279 322
279 532
280 562
280 847
284 421
284 700
285 438
286 658
286 784
287 922
289 337
290 360
290 459
290 659
290 670
291 382
291 458
291 492
292 403
293 409
294 506
294 675
296 325
298 342
298 782
299 346
299 348
300 366
300 395
300 509
301 608
301 695
303 323
303 343
303 463
304 362
304 574
305 687
306 327
306 568
307 449
307 489
309 445
309 583
309 725
311 546
312 319
312 480
314 381
314 621
314 649
314 674
314 693
314 882
315 432
316 557
316 677
318 652
320 379
321 385
322 517
326 446
326 886
329 830
330 814
330 860
331 400
331 512
331 550
332 706
332 763
333 536
336 437
337 484
338 496
338 528
339 450
339 527
339 563
341 589
342 551
342 611
342 709
343 477
344 630
344 667
344 966
345 466
345 508
345 580
345 829
347 384
347 920
349 561
351 455
353 816
354 436
355 482
355 619
355 823
355 912
357 895
358 545
359 571
361 387
361 516
362 553
362 745
362 888
363 514
363 581
363 605
363 930
363 932
364 393
365 635
366 367
369 962
370 767
372 420
372 576
373 416
373 638
374 498
374 958
376 565
376 734
377 457
379 759
380 766
382 909
384 469
387 406
387 697
387 869
389 453
389 841
390 592
392 414
392 774
393 579
393 764
396 856
398 423
400 633
400 957
401 772
401 934
403 760
403 811
404 510
408 756
409 418
409 488
410 656
410 726
411 442
411 913
413 730
414 478
414 575
414 924
415 721
417 504
418 650
419 686
422 754
424 501
425 711
429 889
431 819
433 982
435 743
435 986
438 679
438 747
439 769
439 788
440 757
441 637
442 464
443 549
447 666
447 719
447 807
458 494
458 968
459 587
462 901
464 595
464 614
465 554
465 973
467 661
468 873
471 768
472 555
472 609
473 736
473 878
476 535
477 485
477 831
480 789
481 596
482 671
488 552
488 798
493 698
497 692
499 875
499 985
501 672
501 673
502 521
502 702
502 858
503 507
504 591
504 648
504 791
510 639
511 586
513 699
514 590
515 683
516 539
518 632
521 833
523 708
524 785
524 923
526 905
527 758
528 558
528 775
533 778
533 867
536 669
537 978
538 577
538 729
541 818
542 836
548 727
549 897
550 599
551 857
552 744
556 569
556 755
558 956
559 938
560 765
560 881
561 654
563 779
564 874
565 880
566 622
568 859
569 607
569 618
571 853
573 815
575 793
578 603
578 863
578 945
580 851
581 959
582 722
582 808
584 588
585 620
585 845
586 797
588 701
589 885
594 740
597 835
598 604
603 915
611 723
611 914
618 705
619 663
622 713
622 917
623 642
623 780
623 919
626 877
627 732
627 749
628 738
630 678
630 949
631 994
633 942
637 903
643 887
649 805
651 742
651 820
651 868
651 981
653 890
655 691
658 960
662 828
667 931
670 939
670 998
679 688
679 777
686 839
689 806
693 870
702 821
707 876
711 712
712 762
713 979
714 894
723 921
726 827
726 892
728 941
732 826
733 940
740 900
741 911
746 750
748 812
755 761
764 950
767 902
771 824
773 872
777 976
797 862
798 801
801 817
801 955
803 864
812 974
815 854
821 967
823 997
835 980
841 989
856 964
882 971
886 933
886 936
910 929
912 987
916 963
927 990
941 951
942 977
957 965
0 999