100 391
1 3
1 43
1 59
1 62
1 59
1 80
1 3
1 22
1 4
1 76
0 1
0 2
0 4
0 16
0 44
0 67
0 55
0 85
0 18
0 20
2 7
2 9
2 33
2 82
2 17
2 28
2 26
3 6
3 18
3 17
3 71
3 28
3 29
3 65
3 36
4 5
4 20
4 21
4 75
4 98
4 42
4 37
4 44
4 81
5 17
5 60
5 57
5 32
5 48
5 87
5 8
5 75
5 69
5 74
5 65
5 51
5 9
6 10
6 15
6 85
6 46
6 67
6 24
6 9
6 12
6 51
6 17
7 8
7 11
7 25
7 56
7 23
7 92
7 10
8 27
8 49
8 97
8 74
9 18
9 28
9 82
9 49
9 72
9 43
9 41
9 21
9 99
9 36
10 52
10 70
10 89
10 72
10 63
10 48
10 55
10 87
10 44
10 46
11 12
11 13
11 14
11 50
11 33
11 43
11 87
11 98
12 13
13 45
13 26
13 72
13 76
13 80
14 24
14 35
14 46
14 54
14 63
14 81
14 87
14 96
14 18
14 51
14 72
14 71
14 63
14 85
14 82
14 96
15 23
15 38
15 90
15 90
15 16
15 24
15 27
15 36
15 91
15 96
15 67
15 95
15 37
16 19
16 53
16 88
16 77
16 97
16 27
16 87
17 29
17 48
17 72
17 38
17 71
17 95
17 76
17 20
17 94
17 64
17 86
18 22
18 42
18 57
18 98
18 84
19 26
19 52
19 34
19 37
20 36
20 55
20 88
20 90
20 35
20 34
20 92
20 85
21 64
21 99
21 91
21 40
21 67
22 39
22 62
22 41
22 76
22 50
22 96
22 25
22 72
22 48
23 32
23 49
23 74
23 97
23 39
23 35
23 57
24 37
24 82
24 84
24 80
24 38
24 36
25 34
26 31
26 44
27 65
27 78
27 49
27 44
27 65
27 31
27 70
28 69
28 97
28 70
29 30
29 52
29 75
29 36
29 55
29 63
29 82
29 45
29 91
30 51
30 93
30 81
30 36
30 71
30 32
31 45
31 40
31 88
31 95
31 38
32 40
32 82
32 57
32 60
32 92
33 48
33 35
34 41
34 99
34 98
34 54
35 83
35 68
35 66
35 44
36 55
36 77
36 91
36 56
36 95
36 50
37 68
37 54
37 77
37 45
37 97
37 62
38 76
38 92
39 44
39 56
40 75
40 84
40 41
41 71
41 87
41 84
41 44
41 88
41 70
41 67
41 66
42 61
42 73
42 94
42 60
43 47
43 47
43 71
43 52
44 77
44 89
45 62
45 70
46 99
46 86
46 82
47 58
47 71
47 67
47 94
47 89
47 74
47 51
48 97
48 77
49 64
49 92
49 63
49 71
49 73
50 64
51 90
51 74
51 85
51 59
51 82
52 62
52 76
52 79
53 71
53 88
53 92
54 98
54 94
55 94
55 77
56 91
56 83
56 87
56 80
56 99
57 92
59 69
59 70
59 80
59 66
59 78
59 67
60 89
60 86
61 77
61 78
62 66
62 85
62 78
62 91
62 75
62 76
63 85
64 79
64 81
64 94
64 76
64 92
65 66
65 75
67 69
68 81
69 72
69 91
69 73
70 81
71 95
71 79
71 77
72 86
72 78
72 81
73 74
73 86
74 76
74 97
74 80
74 98
74 87
75 84
75 78
75 94
75 89
76 77
78 92
79 99
82 97
83 86
84 94
84 95
84 96
85 92
88 98
88 92
92 95
93 97
94 99
96 97
0 99